102,'Saturday',631,,42487,22,,,1,20,,42507,22,,,1,60,,42506,22,,,1,20,,42508,22,,,1,20,,42509,22,,,1,60,,42510,22,,,1,20,,42511,22,,,1,20,,42512,22,,,1,64,,42513,22,,,1,20,,42514,22,,,1,20,,42515,22,,,1,61,,42516,22,,,1,19,,42517,22,,,1,20,,42518,22,,,1,60,,42519,22,,,1,20,,42520,22,,,1,21,,42521,22,,,1,60,,42522,22,,,1,20,,42523,22,,,1,20,,42524,22,,,1,62,,42525,22,,,1,18,,42527,22,,,1,20,,42528,22,,,1,60,,42529,22,,,1,19,,42526,22,,,1,19,,42530,22,,,1,63,,42531,22,,,1,21,,42532,22,,,1,19,,42505,22,,,1,59,,42503,22,,,1,20,,42502,22,,,1,20,,42499,22,,,1,61,,42500,22,,,1,20,,42497,22,,,1,20,,42495,22,,,1,60,,42498,22,,,1,20,,42496,22,,,1,19,,42501,22,,,1,60,,42494,22,,,1,16,,42504,22,,,1,70,,42535,22,,,1,35,,42536,22,,,1,68,,42537,22,,,1,26,,42538,22,,,1,70,,42539,22,,,1,30,,42540,22,,,1,72,,42541,22,,,1,30,,42542,22,,,1,22,,42534,22,,,1,69,,42492,22,,,1,29,,42490,22,,,1,68,,42543,22,,,1,30,,42493,22,,,1,82,,42491,22,,,1
102,'Sunday',614,,42547,22,,,1,43,,42545,22,,,1,56,,42571,22,,,1,20,,42572,22,,,1,20,,42573,22,,,1,60,,42574,22,,,1,20,,42576,22,,,1,20,,42577,22,,,1,60,,42578,22,,,1,20,,42575,22,,,1,20,,42580,22,,,1,60,,42581,22,,,1,20,,42566,22,,,1,20,,42567,22,,,1,60,,42551,22,,,1,20,,42561,22,,,1,20,,42549,22,,,1,61,,42560,22,,,1,20,,42553,22,,,1,20,,42558,22,,,1,61,,42565,22,,,1,20,,42562,22,,,1,20,,42548,22,,,1,60,,42564,22,,,1,20,,42557,22,,,1,66,,42550,22,,,1,20,,42554,22,,,1,20,,42569,22,,,1,60,,42552,22,,,1,20,,42568,22,,,1,20,,42559,22,,,1,60,,42570,22,,,1,21,,42563,22,,,1,20,,42555,22,,,1,60,,42556,22,,,1,20,,42579,22,,,1,20,,42584,22,,,1,60,,42585,22,,,1,19,,42583,22,,,1,20,,42582,22,,,1,60,,42586,22,,,1,19,,42587,22,,,1,20,,42588,22,,,1,60,,42589,22,,,1,20,,42591,22,,,1,20,,42592,22,,,1,60,,42593,22,,,1,13,,42590,22,,,1,20,,42594,22,,,1,67,,42597,22,,,1,25,,42598,22,,,1,26,,42595,22,,,1,59,,42596,22,,,1,17,,42599,22,,,1,15,,42544,22,,,1,60,,42600,22,,,1,21,,42546,22,,,1
102,'Weekday',440,,42603,22,,,1,19,,42604,22,,,1,62,,42601,22,,,1,21,,42607,22,,,1,60,,42608,22,,,1,21,,42606,22,,,1,19,,42605,22,,,1,58,,42617,22,,,1,14,,42614,11,0,5,1,9,,42611,22,,,1,13,,42621,11,0,5,1,10,,42613,22,,,1,10,,42612,11,0,5,1,55,,42616,22,0,7,1,13,,42615,11,0,5,1,13,,42619,22,,,1,10,,42609,11,0,5,1,53,,42620,22,,,1,12,,42618,11,0,5 7,1,11,,42610,22,,,1,14,,42633,11,0,5,1,16,,42623,22,,,1,50,,42634,11,0,5 7,1,13,,42624,22,,,1,13,,42635,11,0,5,1,12,,42625,22,,,1,68,,42636,11,0,5,1,20,,42626,22,,,1,18,,42637,11,0,5,1,7,,42627,22,,,1,65,,42638,11,0,5,1,17,,42628,22,,,1,16,,42639,11,0,5,1,52,,42629,22,,,1,24,,42640,11,0,5,1,10,,42630,22,0,7,1,21,,42641,11,0,5,1,46,,42622,22,,,1,24,,42642,11,0,5,1,18,,42631,22,,,1,62,,42643,11,0,5,1,7,,42632,22,,,1,16,,42664,11,0,5,1,8,,42650,22,,,1,7,,42665,11,0,5,1,56,,42648,22,,,1,14,,42666,11,0,5,1,12,,42645,22,,,1,21,,42651,22,,,1,54,,42667,11,0,5,1,9,,42652,22,,,1,9,,42653,22,,,1,9,,42668,11,0,5,1,12,,42654,22,,,1,9,,42646,11,0,5,1,55,,42644,11,0,5,1,14,,42655,22,,,1,13,,42649,11,0,5,1,14,,42656,22,,,1,53,,42657,22,,,1,9,,42647,11,0,5,1,8,,42658,22,,,1,24,,42659,22,,,1,65,,42660,22,,,1,20,,42661,22,,,1,22,,42662,22,,,1,58,,42663,22,,,1,20,,42671,22,,,1,24,,42670,22,,,1,62,,42669,22,,,1,39,,42672,22,,,1,70,,42673,22,,,1,37,,42674,22,,,1,68,,42675,22,,,1,75,,42676,22,,,1,32,,42677,22,,,1,72,,42678,22,,,1
1503,'Saturday',606,,46079,18,0,6,1,22,,46080,18,0,6,1,22,,46094,18,0,6,1,62,,46095,18,0,6,1,22,,46096,18,0,6,1,22,,46093,18,0,6,1,62,,46097,18,0,6,1,22,,46098,18,0,6,1,62,,46099,18,0,6,1,22,,46102,18,0,6,1,22,,46103,18,0,6,1,62,,46100,18,0,6,1,22,,46101,18,0,6,1,22,,46104,18,0,6,1,62,,46105,18,0,6,1,22,,46106,18,0,6,1,22,,46109,18,0,6,1,62,,46110,18,0,6,1,22,,46111,18,0,6,1,62,,46107,18,0,6,1,22,,46112,18,0,6,1,22,,46113,18,0,6,1,62,,46114,18,0,6,1,22,,46108,18,0,6,1,22,,46115,18,0,6,1,62,,46117,18,0,6,1,22,,46118,18,0,6,1,62,,46119,18,0,6,1,22,,46116,18,0,6,1,22,,46120,18,0,6,1,62,,46121,18,0,6,1,22,,46123,18,0,6,1,22,,46125,18,0,6,1,62,,46122,18,0,6,1,22,,46126,18,0,6,1,22,,46124,18,0,6,1,62,,46127,18,0,6,1,22,,46128,18,0,6,1,62,,46129,18,0,6,1,22,,46131,18,0,6,1,22,,46132,18,0,6,1,62,,46133,18,0,6,1,22,,46092,18,0,6,1,22,,46091,18,0,6,1,62,,46086,18,0,6,1,22,,46090,18,0,6,1,22,,46087,18,0,6,1,62,,46089,18,0,6,1,22,,46085,18,0,6,1,62,,46088,18,0,6,1,25,,46081,18,0,6,1,19,,46130,18,,,1,60,,46083,18,,,1,25,,46084,18,,,1
1503,'Sunday',726,,46166,18,0,6,1,80,,46136,18,0,6,1,30,,46137,18,0,6,1,70,,46134,18,0,6,1,30,,46138,18,0,6,1,70,,46135,18,0,6,1,30,,46139,18,0,6,1,70,,46140,18,0,6,1,30,,46144,18,0,6,1,70,,46141,18,0,6,1,30,,46145,18,0,6,1,70,,46142,18,0,6,1,30,,46148,18,0,6,1,70,,46143,18,0,6,1,30,,46149,18,0,6,1,70,,46146,18,0,6,1,30,,46147,18,0,6,1,70,,46150,18,0,6,1,30,,46151,18,0,6,1,70,,46153,18,0,6,1,30,,46154,18,0,6,1,70,,46155,18,0,6,1,30,,46152,18,0,6,1,70,,46156,18,0,6,1,30,,46157,18,0,6,1,70,,46158,18,0,6,1,30,,46159,18,0,6,1,70,,46161,18,0,6,1,30,,46162,18,0,6,1,70,,46163,18,0,6,1,30,,46160,18,0,6,1,70,,46164,18,0,6,1,30,,46165,18,0,6,1,70,,46169,18,0,6,1,30,,46168,18,0,6,1
1503,'Weekday',539,,46233,10,0,5,1,20,,46185,10,0,5,1,49,,46208,18,0,6,1,11,,46249,10,0,5,1,14,,46202,18,0,6,1,8,,46250,10,0,5,1,11,,46259,18,,,1,7,,46251,10,0,5,1,53,,46260,18,,,1,11,,46252,10,0,5,1,12,,46261,18,,,1,9,,46253,10,0,5,1,12,,46262,18,,,1,50,,46254,10,0,5,1,11,,46263,18,,,1,8,,46240,10,0,5,1,10,,46264,18,,,1,7,,46241,10,0,5,1,11,,46265,18,,,1,49,,46247,10,0,5,1,11,,46266,18,,,1,9,,46238,10,0,5,1,10,,46267,18,,,1,10,,46236,10,0,5,1,13,,46268,18,,,1,49,,46242,10,0,5,1,7,,46243,18,,,1,11,,46248,10,0,5,1,10,,46239,18,,,1,10,,46244,10,0,5,1,13,,46246,18,,,1,54,,46237,10,0,5,1,16,,46245,18,,,1,8,,46270,10,0,5,1,15,,46257,10,0,5,1,54,,46227,18,0,6,1,14,,46258,10,0,5,1,12,,46220,18,0,6,1,17,,46255,10,0,5,1,11,,46224,18,0,6,1,51,,46256,10,0,5,1,12,,46221,10,0,5,1,10,,46225,18,0,6,1,15,,46222,10,0,5,1,9,,46269,18,,,1,54,,46223,18,0,6,1,8,,46182,10,0,5,1,13,,46181,18,0,6,1,7,,46187,10,0,5,1,14,,46186,10,0,5,1,5,,46183,18,0,6,1,64,,46209,18,0,6,1,12,,46177,10,0,5,1,14,,46198,18,0,6,1,9,,46180,10,0,5,1,55,,46195,18,0,6,1,8,,46171,10,0,5,1,13,,46234,18,,,1,7,,46172,10,0,5,1,13,,46199,18,0,6,1,5,,46173,10,0,5,1,50,,46203,18,0,6,1,13,,46174,10,0,5,1,8,,46194,18,0,6,1,13,,46175,10,0,5,1,6,,46192,18,0,6,1,13,,46178,10,0,5,1,51,,46193,18,0,6,1,7,,46179,10,0,5,1,11,,46216,18,0,6,1,16,,46176,10,0,5,1,13,,46212,18,0,6,1,53,,46235,10,0,5,1,9,,46201,18,0,6,1,15,,46189,10,0,5,1,15,,46229,10,0,5,1,10,,46205,18,0,6,1,55,,46230,10,0,5,1,12,,46197,18,0,6,1,17,,46196,18,0,6,1,15,,46232,10,0,5,1,56,,46200,18,0,6,1,12,,46231,10,0,5,1,15,,46204,18,0,6,1,14,,46226,10,0,5,1,63,,46207,18,0,6,1,26,,46206,18,0,6,1,65,,46184,18,0,6,1,30,,46211,18,0,6,1,70,,46210,18,0,6,1,29,,46219,18,0,6,1,70,,46170,18,,,1,30,,46217,18,0,6,1,65,,46228,18,,,1,22,,46214,18,,,1
1504,'Saturday',623,,46275,24,,,1,22,,46273,24,,,1,62,,46280,24,,,1,22,,46281,24,,,1,22,,46279,24,,,1,62,,46284,24,,,1,22,,46286,24,,,1,22,,46282,24,,,1,62,,46285,24,,,1,22,,46283,24,,,1,62,,46287,24,,,1,22,,46288,24,,,1,22,,46289,24,,,1,62,,46290,24,,,1,22,,46292,24,,,1,22,,46293,24,,,1,62,,46294,24,,,1,22,,46291,24,,,1,22,,46295,24,,,1,62,,46296,24,,,1,22,,46298,24,,,1,62,,46299,24,,,1,22,,46300,24,,,1,22,,46297,24,,,1,62,,46302,24,,,1,22,,46303,24,,,1,22,,46305,24,,,1,62,,46307,24,,,1,22,,46308,24,,,1,62,,46304,24,,,1,22,,46301,24,,,1,22,,46306,24,,,1,62,,46310,24,,,1,22,,46311,24,,,1,22,,46309,24,,,1,62,,46312,24,,,1,22,,46314,24,,,1,22,,46315,24,,,1,62,,46316,24,,,1,22,,46313,24,,,1,62,,46317,24,,,1,22,,46318,24,,,1,22,,46320,24,,,1,62,,46322,24,,,1,22,,46319,24,,,1,22,,46323,24,,,1,62,,46321,24,,,1,22,,46324,24,,,1,22,,46325,24,,,1,62,,46326,24,,,1,26,,46274,24,,,1,61,,46278,24,,,1
1504,'Sunday',717,,46360,24,,,1,30,,46327,24,,,1,71,,46331,24,,,1,29,,46329,24,,,1,70,,46332,24,,,1,30,,46333,24,,,1,70,,46335,24,,,1,30,,46334,24,,,1,70,,46339,24,,,1,30,,46336,24,,,1,70,,46340,24,,,1,30,,46338,24,,,1,70,,46341,24,,,1,30,,46342,24,,,1,70,,46345,24,,,1,30,,46337,24,,,1,70,,46343,24,,,1,30,,46347,24,,,1,70,,46344,24,,,1,30,,46348,24,,,1,70,,46349,24,,,1,30,,46346,24,,,1,70,,46350,24,,,1,30,,46351,24,,,1,70,,46352,24,,,1,30,,46353,24,,,1,70,,46355,24,,,1,30,,46356,24,,,1,70,,46357,24,,,1,30,,46354,24,,,1,70,,46358,24,,,1,30,,46359,24,,,1,70,,46328,24,,,1,30,,46330,24,,,1,62,,46361,24,,,1,30,,46362,24,,,1
1504,'Weekday',504,,46363,25,0,5,1,10,,46399,24,,,1,13,,46375,25,0,5,1,18,,46401,24,,,1,9,,46381,25,0,5,1,49,,46410,24,,,1,15,,46396,24,,,1,9,,46411,25,0,5,1,10,,46409,24,,,1,11,,46438,25,0,5,1,9,,46448,24,,,1,52,,46439,25,0,5,1,8,,46449,24,,,1,13,,46440,25,0,5,1,9,,46450,24,,,1,11,,46441,25,0,5,1,9,,46451,24,,,1,46,,46442,25,0,5,1,10,,46452,24,,,1,9,,46443,25,0,5,1,11,,46453,24,,,1,10,,46444,25,0,5,1,12,,46454,24,,,1,49,,46445,25,0,5,1,12,,46455,24,,,1,12,,46446,25,0,5,1,8,,46456,24,,,1,11,,46447,25,0,5,1,9,,46457,24,,,1,51,,46435,25,0,5,1,9,,46433,24,,,1,11,,46437,25,0,5,1,7,,46415,24,,,1,13,,46434,25,0,5,1,55,,46422,24,,,1,10,,46436,25,0,5,1,16,,46413,24,,,1,12,,46423,25,0,5,1,14,,46417,24,,,1,53,,46424,25,0,5,1,15,,46460,25,0,5,1,11,,46412,24,,,1,11,,46421,25,0,5,1,13,,46416,24,,,1,53,,46425,25,0,5,1,15,,46418,24,,,1,15,,46420,25,0,5,1,15,,46458,25,0,5,1,48,,46419,24,,,1,11,,46378,25,0,5,1,10,,46385,24,,,1,13,,46364,25,0,5,1,13,,46384,24,,,1,55,,46373,25,0,5,1,9,,46377,24,,,1,10,,46376,25,0,5,1,9,,46379,24,,,1,11,,46368,25,0,5,1,11,,46461,24,,,1,48,,46400,24,,,1,7,,46370,25,0,5,1,12,,46382,24,,,1,9,,46371,25,0,5,1,11,,46395,24,,,1,10,,46372,25,0,5,1,53,,46367,25,0,5,1,8,,46391,24,,,1,11,,46393,24,,,1,9,,46366,25,0,5,1,12,,46402,24,,,1,8,,46365,25,0,5,1,47,,46397,24,,,1,11,,46369,25,0,5,1,8,,46383,24,,,1,10,,46374,25,0,5,1,10,,46392,24,,,1,11,,46427,25,0,5,1,52,,46403,24,,,1,10,,46431,25,0,5,1,15,,46386,24,,,1,9,,46428,25,0,5,1,13,,46387,24,,,1,62,,46388,24,,,1,14,,46429,25,0,5,1,14,,46430,25,0,5,1,12,,46394,24,,,1,55,,46432,25,0,5,1,16,,46389,24,,,1,24,,46390,24,,,1,66,,46398,24,,,1,30,,46404,24,,,1,68,,46405,24,,,1,29,,46407,24,,,1,69,,46380,24,,,1,30,,46406,24,,,1,69,,46426,24,,,1,29,,46408,24,,,1,85,,46414,24,,,1
2002,'Weekday',609,,47272,25,0,5,1,30,,47262,25,0,5,1,74,,47258,25,0,5,1,3,,47268,25,0,5,1,30,,47260,25,0,5,1,72,,47273,25,0,5,1,20,,47263,25,0,5,1,67,,47259,25,0,5,1,17,,47267,25,0,5,1,25,,47261,25,0,5,1,65,,47275,25,0,5,1,24,,47264,25,0,5,1,75,,47265,24,,,1,91,,47274,24,,,1,52,,47266,24,,,1,89,,47270,24,,,1,96,,47271,24,,,1,12,,47269,25,0,5,1,65,,47276,25,0,5,1,28,,47277,25,0,5,1,68,,47278,25,0,5,1,28,,47279,25,0,5,1,19,,47280,25,0,5,1,68,,47281,25,0,5,1,23,,47284,25,0,5,1,71,,47282,25,0,5,1,24,,47283,25,0,5,1,57,,47285,25,0,5,1,28,,47286,25,0,5,1,21,,47287,25,0,5,1,303,,47288,24,,,1,77,,47289,24,,,1
