102,'Saturday',610,,42487,4,,,1,20,,42507,4,,,1,20,,42506,4,,,1,60,,42508,4,,,1,20,,42509,4,,,1,20,,42510,4,,,1,60,,42511,4,,,1,20,,42512,4,,,1,24,,42513,4,,,1,60,,42514,4,,,1,20,,42515,4,,,1,20,,42516,4,,,1,58,,42517,4,,,1,20,,42518,4,,,1,20,,42519,4,,,1,60,,42520,4,,,1,21,,42521,4,,,1,20,,42522,4,,,1,60,,42523,4,,,1,20,,42524,4,,,1,22,,42525,4,,,1,58,,42527,4,,,1,20,,42528,4,,,1,20,,42529,4,,,1,59,,42526,4,,,1,19,,42530,4,,,1,21,,42531,4,,,1,61,,42532,4,,,1,19,,42505,4,,,1,20,,42503,4,,,1,60,,42502,4,,,1,20,,42499,4,,,1,22,,42500,4,,,1,60,,42497,4,,,1,20,,42495,4,,,1,20,,42498,4,,,1,60,,42496,4,,,1,19,,42501,4,,,1,21,,42494,4,,,1,56,,42504,4,,,1,30,,42535,4,,,1,76,,42536,4,,,1,28,,42537,4,,,1,69,,42538,4,,,1,30,,42539,4,,,1,70,,42540,4,,,1,32,,42541,4,,,1,70,,42542,4,,,1,22,,42534,4,,,1,69,,42492,4,,,1,29,,42490,4,,,1,69,,42543,4,,,1,30,,42493,4,,,1,82,,42491,4,,,1
102,'Sunday',554,,42547,4,,,1,83,,42545,4,,,1,16,,42571,4,,,1,60,,42572,4,,,1,20,,42573,4,,,1,20,,42574,4,,,1,60,,42576,4,,,1,20,,42577,4,,,1,20,,42578,4,,,1,60,,42575,4,,,1,20,,42580,4,,,1,20,,42581,4,,,1,60,,42566,4,,,1,20,,42567,4,,,1,20,,42551,4,,,1,60,,42561,4,,,1,20,,42549,4,,,1,20,,42560,4,,,1,60,,42553,4,,,1,20,,42558,4,,,1,20,,42565,4,,,1,60,,42562,4,,,1,20,,42548,4,,,1,20,,42564,4,,,1,60,,42557,4,,,1,26,,42550,4,,,1,20,,42554,4,,,1,60,,42569,4,,,1,20,,42552,4,,,1,20,,42568,4,,,1,60,,42559,4,,,1,20,,42570,4,,,1,20,,42563,4,,,1,60,,42555,4,,,1,20,,42556,4,,,1,20,,42579,4,,,1,60,,42584,4,,,1,20,,42585,4,,,1,20,,42583,4,,,1,60,,42582,4,,,1,20,,42586,4,,,1,20,,42587,4,,,1,60,,42588,4,,,1,20,,42589,4,,,1,20,,42591,4,,,1,60,,42592,4,,,1,20,,42593,4,,,1,14,,42590,4,,,1,60,,42594,4,,,1,27,,42597,4,,,1,65,,42598,4,,,1,26,,42595,4,,,1,20,,42596,4,,,1,59,,42599,4,,,1,15,,42544,4,,,1,20,,42600,4,,,1,61,,42546,4,,,1
102,'Weekday',417,,42603,4,,,1,19,,42604,4,,,1,22,,42601,4,,,1,61,,42607,4,,,1,19,,42608,4,,,1,21,,42606,4,,,1,59,,42605,4,,,1,18,,42617,4,,,1,23,,42611,4,,,1,63,,42613,4,,,1,26,,42616,4,0,7,1,65,,42619,4,,,1,23,,42620,4,,,1,21,,42610,4,,,1,70,,42623,4,,,1,24,,42624,4,,,1,65,,42625,4,,,1,88,,42626,4,,,1,25,,42627,4,,,1,82,,42628,4,,,1,28,,42629,4,,,1,74,,42630,4,0,7,1,27,,42622,4,,,1,82,,42631,4,,,1,27,,42632,4,,,1,62,,42650,4,,,1,23,,42648,4,,,1,25,,42645,4,,,1,61,,42651,4,,,1,24,,42652,4,,,1,9,,42653,4,,,1,61,,42654,4,,,1,38,,42655,4,,,1,67,,42656,4,,,1,13,,42657,4,,,1,18,,42658,4,,,1,64,,42659,4,,,1,26,,42660,4,,,1,62,,42661,4,,,1,22,,42662,4,,,1,19,,42663,4,,,1,62,,42671,4,,,1,24,,42670,4,,,1,22,,42669,4,,,1,79,,42672,4,,,1,70,,42673,4,,,1,37,,42674,4,,,1,69,,42675,4,,,1,35,,42676,4,,,1,72,,42677,4,,,1,32,,42678,4,,,1
3503,'Saturday',848,,49118,4,,,1,85,,49122,4,,,1,85,,49123,4,,,1,85,,49124,4,,,1,45,,49125,4,,,1,85,,49126,4,,,1,85,,49127,4,,,1,85,,49128,4,,,1,45,,49129,4,,,1,85,,49130,4,,,1,85,,49131,4,,,1,85,,49132,4,,,1,45,,49133,4,,,1,85,,49120,4,,,1,85,,49119,4,,,1,85,,49121,4,,,1
3503,'Sunday',758,,49134,4,,,1,85,,49135,4,,,1,85,,49136,4,,,1,85,,49137,4,,,1,45,,49138,4,,,1,85,,49139,4,,,1,85,,49140,4,,,1,85,,49141,4,,,1,45,,49142,4,,,1,85,,49143,4,,,1,85,,49144,4,,,1,85,,49145,4,,,1,45,,49146,4,,,1,85,,49147,4,,,1,85,,49148,4,,,1,85,,49149,4,,,1
3503,'Weekday',528,,49150,4,,,1,85,,49153,4,,,1,45,,49154,4,,,1,85,,49155,4,,,1,85,,49156,4,,,1,85,,49157,4,,,1,45,,49158,4,,,1,85,,49159,4,,,1,85,,49160,4,,,1,85,,49161,4,,,1,45,,49162,4,,,1,85,,49163,4,,,1,85,,49164,4,,,1,85,,49165,4,,,1,45,,49166,4,,,1,85,,49167,4,,,1,85,,49168,4,,,1,85,,49169,4,,,1,45,,49170,4,,,1,85,,49171,4,,,1,85,,49172,4,,,1,85,,49173,4,,,1,45,,49174,4,,,1,85,,49151,4,,,1,85,,49152,4,,,1
4103,'Weekday',520,,49233,1,,,1,95,,49240,1,,,1,95,,49238,1,,,1,95,,49241,1,,,1,95,,49237,1,,,1,55,,49242,1,,,1,480,,49235,1,,,1,95,,49243,1,,,1,95,,49236,1,,,1,95,,49244,1,,,1,100,,49234,1,,,1,95,,49239,1,,,1
4104,'Weekday',702,,49245,28,4,,1,55,,49250,28,4,,1,95,,49249,28,4,,1,95,,49252,28,4,,1,95,,49248,28,4,,1,574,,49246,28,4,,1,95,,49253,28,4,,1,100,,49247,28,4,,1,95,,49251,28,4,,1
50102,'Saturday',654,,51528,14,,,1,56,,51546,14,,,1,17,,51549,14,,,1,16,,51551,14,,,1,16,,51553,14,,,1,56,,51547,14,,,1,16,,51544,14,,,1,16,,51545,14,,,1,56,,51548,14,,,1,17,,51554,14,,,1,16,,51550,14,,,1,16,,51555,14,,,1,56,,51552,14,,,1,16,,51556,14,,,1,16,,51557,14,,,1,16,,51558,14,,,1,56,,51559,14,,,1,16,,51560,14,,,1,18,,51561,14,,,1,55,,51562,14,,,1,15,,51563,14,,,1,16,,51564,14,,,1,14,,51565,14,,,1,56,,51566,14,,,1,16,,51568,14,,,1,16,,51569,14,,,1,16,,51570,14,,,1,56,,51567,14,,,1,16,,51571,14,,,1,16,,51572,14,,,1,16,,51573,14,,,1,56,,51574,14,,,1,16,,51575,14,,,1,16,,51576,14,,,1,16,,51577,14,,,1,56,,51578,14,,,1,13,,51581,14,,,1,16,,51582,14,,,1,16,,51583,14,,,1,56,,51579,14,,,1,16,,51580,14,,,1,16,,51584,14,,,1,56,,51585,14,,,1,14,,51588,14,,,1,18,,51589,14,,,1,23,,51586,14,,,1,58,,51587,14,,,1,17,,51540,14,,,1,22,,51541,14,,,1,58,,51542,14,,,1,24,,51543,14,,,1,16,,51535,14,,,1,60,,51534,14,,,1,20,,51531,14,,,1,20,,51533,14,,,1,60,,51537,14,,,1,20,,51538,14,,,1,20,,51530,14,,,1,57,,51536,14,,,1,18,,51539,14,,,1,21,,51532,14,,,1,60,,51529,14,,,1
50102,'Sunday',830,,51597,14,,,1,18,,51600,14,,,1,58,,51595,14,,,1,22,,51593,14,,,1,20,,51590,14,,,1,58,,51591,14,,,1,19,,51592,14,,,1,18,,51599,14,,,1,58,,51598,14,,,1,18,,51594,14,,,1,18,,51596,14,,,1,18,,51603,14,,,1,58,,51604,14,,,1,19,,51606,14,,,1,22,,51605,14,,,1,63,,51601,14,,,1,23,,51602,14,,,1,61,,51607,14,,,1,18,,51608,14,,,1,18,,51609,14,,,1,18,,51610,14,,,1,58,,51614,14,,,1,18,,51612,14,,,1,18,,51611,14,,,1,58,,51613,14,,,1,18,,51615,14,,,1,18,,51617,14,,,1,58,,51616,14,,,1,18,,51618,14,,,1,18,,51619,14,,,1,18,,51620,14,,,1,55,,51621,14,,,1,14,,51623,14,,,1,15,,51622,14,,,1,16,,51625,14,,,1,58,,51624,14,,,1,14,,51626,14,,,1,18,,51627,14,,,1,58,,51628,14,,,1,20,,51629,14,,,1,18,,51632,14,,,1,18,,51631,14,,,1,58,,51630,14,,,1,18,,51633,14,,,1,14,,51635,14,,,1,56,,51634,14,,,1,20,,51639,14,,,1,23,,51636,14,,,1,66,,51637,14,,,1,20,,51638,14,,,1,25,,51640,14,,,1
50102,'Weekday',606,,51652,14,,,1,14,,51657,14,,,1,13,,51658,14,,,1,12,,51659,14,,,1,12,,51660,14,,,1,52,,51661,14,,,1,14,,51663,14,,,1,13,,51664,14,,,1,12,,51665,14,,,1,52,,51662,14,,,1,12,,51666,14,,,1,12,,51667,14,,,1,12,,51668,14,,,1,12,,51669,14,,,1,52,,51670,14,,,1,12,,51671,14,,,1,12,,51672,14,,,1,12,,51673,14,,,1,12,,51674,14,,,1,52,,51675,14,,,1,12,,51676,14,,,1,12,,51677,14,,,1,12,,51678,14,,,1,12,,51679,14,,,1,52,,51680,14,,,1,12,,51681,14,,,1,12,,51682,14,,,1,12,,51684,14,,,1,12,,51685,14,,,1,52,,51683,14,,,1,12,,51686,14,,,1,11,,51687,14,,,1,11,,51688,14,,,1,12,,51689,14,,,1,12,,51690,14,,,1,52,,51691,14,,,1,12,,51692,14,,,1,12,,51693,14,,,1,12,,51694,14,,,1,12,,51695,14,,,1,53,,51696,14,,,1,12,,51697,14,,,1,10,,51698,14,,,1,7,,51699,14,,,1,7,,51700,14,,,1,7,,51701,14,,,1,47,,51702,14,,,1,9,,51703,14,,,1,8,,51704,14,,,1,8,,51705,14,,,1,8,,51706,14,,,1,7,,51708,14,,,1,7,,51709,14,,,1,8,,51707,14,,,1,48,,51710,14,,,1,8,,51711,14,,,1,9,,51712,14,,,1,8,,51714,14,,,1,8,,51715,14,,,1,8,,51716,14,,,1,9,,51713,14,,,1,47,,51717,14,,,1,8,,51718,14,,,1,7,,51719,14,,,1,7,,51720,14,,,1,10,,51721,14,,,1,7,,51722,14,,,1,8,,51723,14,,,1,8,,51724,14,,,1,47,,51725,14,,,1,7,,51726,14,,,1,7,,51727,14,,,1,7,,51728,14,,,1,7,,51729,14,,,1,7,,51730,14,,,1,7,,51731,14,,,1,8,,51732,14,,,1,47,,51733,14,,,1,6,,51734,14,,,1,6,,51736,14,,,1,6,,51737,14,,,1,6,,51735,14,,,1,7,,51738,14,,,1,7,,51739,14,,,1,7,,51741,14,,,1,8,,51742,14,,,1,47,,51743,14,,,1,7,,51740,14,,,1,7,,51744,14,,,1,7,,51745,14,,,1,7,,51746,14,,,1,10,,51747,14,,,1,12,,51653,14,,,1,51,,51651,14,,,1,10,,51656,14,,,1,11,,51654,14,,,1,12,,51655,14,,,1,11,,51647,14,,,1,12,,51646,14,,,1,53,,51649,14,,,1,14,,51642,14,,,1,19,,51648,14,,,1,67,,51650,14,,,1,17,,51645,14,,,1,19,,51641,14,,,1,55,,51643,14,,,1,18,,51644,14,,,1
