501,'Saturday',441,,43813,1,,,1,67,,43823,1,,,1,26,,43836,1,,,1,66,,43814,1,,,1,32,,43817,1,,,1,70,,43816,1,,,1,30,,43821,1,,,1,68,,43828,1,,,1,32,,43815,1,,,1,73,,43818,1,,,1,32,,43819,1,,,1,70,,43822,1,,,1,34,,43831,1,,,1,70,,43820,1,,,1,36,,43825,1,,,1,70,,43826,1,,,1,24,,43827,1,,,1,70,,43824,1,,,1,30,,43832,1,,,1,70,,43829,1,,,1,30,,43830,1,,,1,70,,43835,1,,,1,30,,43833,1,,,1,70,,43834,1,,,1,30,,43837,1,,,1,70,,43840,1,,,1,30,,43839,1,,,1,70,,43838,1,,,1,34,,43843,1,,,1,73,,43841,1,,,1,83,,43845,1,,,1,50,,43846,1,,,1,90,,43847,1,,,1,90,,43848,1,,,1,90,,43842,1,,,1,90,,43844,1,,,1
501,'Sunday',600,,43875,1,,,1,33,,43873,1,,,1,73,,43871,1,,,1,35,,43870,1,,,1,74,,43874,1,,,1,27,,43872,1,,,1,71,,43869,1,,,1,21,,43868,1,,,1,19,,43866,1,,,1,77,,43867,1,,,1,73,,43865,1,,,1,31,,43864,1,,,1,74,,43863,1,,,1,29,,43861,1,,,1,68,,43862,1,,,1,27,,43859,1,,,1,71,,43860,1,,,1,36,,43858,1,,,1,70,,43856,1,,,1,39,,43855,1,,,1,63,,43857,1,,,1,29,,43854,1,,,1,70,,43853,1,,,1,32,,43852,1,,,1,82,,43849,1,,,1,20,,43851,1,,,1,72,,43850,1,,,1,97,,43878,1,,,1,44,,43879,1,,,1,90,,43877,1,,,1,90,,43876,1,,,1
501,'Weekday',400,,43880,1,,,1,25,,43921,1,,,1,25,,43883,1,,,1,65,,43920,1,,,1,25,,43884,1,,,1,60,,43881,1,0,5,1,30,,43885,1,,,1,20,,43889,1,0,5,1,65,,43886,1,,,1,24,,43890,1,0,5,1,71,,43887,1,,,1,20,,43891,1,0,5,1,70,,43888,1,,,1,30,,43898,1,0,5,1,75,,43892,1,,,1,28,,43899,1,0,5,1,72,,43893,1,,,1,27,,43900,1,0,5,1,73,,43894,1,,,1,30,,43901,1,0,5,1,70,,43895,1,,,1,31,,43902,1,0,5,1,64,,43896,1,,,1,30,,43903,1,0,5,1,25,,43897,1,,,1,65,,43908,1,0,5,1,24,,43904,1,,,1,66,,43909,1,0,5,1,30,,43905,1,,,1,60,,43910,1,0,5,1,30,,43906,1,,,1,20,,43911,1,0,5,1,65,,43907,1,,,1,35,,43912,1,0,5,1,80,,43913,1,,,1,20,,43916,1,0,5,1,80,,43914,1,,,1,25,,43917,1,0,5,1,95,,43915,1,,,1,87,,43918,1,,,1,95,,43919,1,,,1,88,,43882,1,,,1
502,'Saturday',556,,43925,17,4,,1,93,,43922,52,4,,1,68,,43930,52,4,,1,31,,43943,52,4,,1,70,,43923,52,4,,1,31,,43926,52,4,,1,76,,43924,52,4,,1,31,,43931,52,4,,1,70,,43935,52,4,,1,30,,43927,52,4,,1,74,,43928,52,4,,1,71,,43929,52,4,,1,33,,43934,52,4,,1,95,,43933,52,4,,1,75,,43932,52,4,,1,30,,43938,52,4,,1,71,,43936,52,4,,1,30,,43937,52,4,,1,70,,43939,52,4,,1,30,,43941,52,4,,1,71,,43940,52,4,,1,32,,43942,52,4,,1,70,,43946,52,4,,1,29,,43944,52,4,,1,69,,43945,52,4,,1,35,,43951,52,4,,1,89,,43950,52,4,,1,92,,43949,52,4,,1,85,,43947,52,4,,1,48,,43948,52,4,,1,87,,43954,52,4,,1,89,,43953,52,4,,1,90,,43952,52,4,,1,90,,43955,52,4,,1
502,'Sunday',656,,43975,17,4,,1,149,,43980,52,4,,1,32,,43978,52,4,,1,72,,43979,52,4,,1,37,,43977,52,4,,1,77,,43976,52,4,,1,33,,43974,52,4,,1,70,,43971,52,4,,1,74,,43973,52,4,,1,23,,43972,52,4,,1,27,,43970,52,4,,1,72,,43969,52,4,,1,34,,43967,52,4,,1,78,,43968,52,4,,1,69,,43966,52,4,,1,33,,43965,52,4,,1,23,,43960,52,4,,1,77,,43963,52,4,,1,70,,43964,52,4,,1,27,,43962,52,4,,1,83,,43958,52,4,,1,22,,43959,52,4,,1,71,,43961,52,4,,1,24,,43957,52,4,,1,76,,43956,52,4,,1,41,,43985,52,4,,1,87,,43986,52,4,,1,88,,43983,52,4,,1,89,,43982,52,4,,1,90,,43981,52,4,,1,48,,43984,52,4,,1
502,'Weekday',546,,43987,52,4,,1,67,,44026,52,4,,1,30,,43995,52,4,,1,67,,44027,52,4,,1,25,,43996,52,4,,1,21,,43989,38,4,,1,69,,43997,52,4,,1,26,,44000,38,4,,1,63,,43998,52,4,,1,25,,44007,38,4,,1,61,,43999,52,4,,1,30,,44008,38,4,,1,70,,44001,52,4,,1,28,,44009,38,4,,1,72,,44002,52,4,,1,30,,44010,38,4,,1,29,,44003,52,4,,1,74,,44011,38,4,,1,77,,44004,52,4,,1,32,,44012,38,4,,1,71,,44005,52,4,,1,36,,44017,38,4,,1,66,,44006,52,4,,1,29,,44018,38,4,,1,61,,44013,52,4,,1,29,,44019,38,4,,1,22,,44014,52,4,,1,67,,44020,38,4,,1,22,,44015,52,4,,1,67,,44024,38,4,,1,18,,44016,52,4,,1,75,,44025,38,4,,1,31,,44021,52,4,,1,79,,43990,38,4,,1,35,,44022,52,4,,1,70,,43992,38,4,,1,30,,44023,52,4,,1,80,,43991,52,4,,1,87,,43994,52,4,,1,83,,43993,52,4,,1,46,,43988,52,4,,1
50501,'Saturday',846,,52215,1,,,1,66,,52214,1,,,1,18,,52216,1,,,1,18,,52219,1,,,1,58,,52220,1,,,1,18,,52221,1,,,1,18,,52218,1,,,1,58,,52222,1,,,1,18,,52223,1,,,1,18,,52224,1,,,1,18,,52225,1,,,1,58,,52226,1,,,1,18,,52227,1,,,1,18,,52228,1,,,1,58,,52229,1,,,1,18,,52230,1,,,1,18,,52231,1,,,1,58,,52232,1,,,1,18,,52233,1,,,1,18,,52234,1,,,1,18,,52235,1,,,1,58,,52236,1,,,1,18,,52237,1,,,1,18,,52238,1,,,1,58,,52239,1,,,1,18,,52240,1,,,1,18,,52241,1,,,1,58,,52242,1,,,1,18,,52243,1,,,1,18,,52244,1,,,1,19,,52245,1,,,1,57,,52246,1,,,1,19,,52217,1,,,1
50501,'Sunday',945,,52247,1,,,1,58,,52253,1,,,1,18,,52254,1,,,1,18,,52255,1,,,1,18,,52256,1,,,1,58,,52257,1,,,1,18,,52258,1,,,1,18,,52259,1,,,1,58,,52260,1,,,1,18,,52261,1,,,1,18,,52262,1,,,1,58,,52263,1,,,1,18,,52264,1,,,1,18,,52265,1,,,1,18,,52266,1,,,1,58,,52267,1,,,1,18,,52268,1,,,1,18,,52269,1,,,1,58,,52270,1,,,1,18,,52271,1,,,1,18,,52272,1,,,1,58,,52273,1,,,1,18,,52274,1,,,1,18,,52275,1,,,1,18,,52251,1,,,1,58,,52249,1,,,1,18,,52250,1,,,1,18,,52248,1,,,1,58,,52252,1,,,1
50501,'Weekday',534,,52277,1,,,1,18,,52280,1,,,1,58,,52281,1,,,1,18,,52282,1,,,1,18,,52279,1,,,1,58,,52283,1,,,1,18,,52284,1,,,1,18,,52285,1,,,1,18,,52286,1,,,1,58,,52287,1,,,1,18,,52288,1,,,1,18,,52289,1,,,1,58,,52290,1,,,1,18,,52291,1,,,1,18,,52292,1,,,1,58,,52293,1,,,1,18,,52294,1,,,1,18,,52295,1,,,1,18,,52296,1,,,1,58,,52297,1,,,1,18,,52298,1,,,1,18,,52299,1,,,1,58,,52300,1,,,1,18,,52301,1,,,1,18,,52302,1,,,1,58,,52303,1,,,1,18,,52304,1,,,1,18,,52305,1,,,1,18,,52306,1,,,1,58,,52307,1,,,1,18,,52308,1,,,1,18,,52309,1,,,1,58,,52310,1,,,1,18,,52311,1,,,1,18,,52312,1,,,1,58,,52313,1,,,1,18,,52314,1,,,1,18,,52315,1,,,1,18,,52316,1,,,1,58,,52317,1,,,1,18,,52318,1,,,1,18,,52319,1,,,1,58,,52320,1,,,1,18,,52321,1,,,1,18,,52322,1,,,1,58,,52323,1,,,1,18,,52324,1,,,1,18,,52325,1,,,1,18,,52278,1,,,1
50502,'Saturday',920,,52326,24,4,,1,18,,52327,24,4,,1,18,,52330,24,4,,1,58,,52328,24,4,,1,19,,52335,24,4,,1,20,,52331,24,4,,1,58,,52344,24,4,,1,17,,52345,24,4,,1,18,,52346,24,4,,1,59,,52347,24,4,,1,18,,52348,24,4,,1,18,,52349,24,4,,1,59,,52350,24,4,,1,19,,52351,24,4,,1,18,,52352,24,4,,1,18,,52353,24,4,,1,56,,52354,24,4,,1,18,,52355,24,4,,1,18,,52356,24,4,,1,58,,52357,24,4,,1,18,,52358,24,4,,1,18,,52359,24,4,,1,18,,52360,24,4,,1,58,,52361,24,4,,1,18,,52340,24,4,,1,18,,52337,24,4,,1,58,,52332,24,4,,1,18,,52334,24,4,,1,19,,52339,24,4,,1,57,,52342,24,4,,1,18,,52343,24,4,,1,18,,52336,24,4,,1,18,,52341,24,4,,1,58,,52333,24,4,,1,18,,52338,24,4,,1,15,,52329,24,4,,1
50502,'Sunday',1012,,52362,24,4,,1,18,,52364,24,4,,1,18,,52365,24,4,,1,58,,52366,24,4,,1,18,,52367,24,4,,1,18,,52371,24,4,,1,58,,52368,24,4,,1,18,,52369,24,4,,1,18,,52370,24,4,,1,18,,52372,24,4,,1,58,,52373,24,4,,1,18,,52374,24,4,,1,18,,52375,24,4,,1,59,,52376,24,4,,1,19,,52377,24,4,,1,18,,52378,24,4,,1,56,,52379,24,4,,1,18,,52380,24,4,,1,18,,52381,24,4,,1,18,,52382,24,4,,1,58,,52383,24,4,,1,18,,52384,24,4,,1,18,,52385,24,4,,1,58,,52386,24,4,,1,18,,52387,24,4,,1,18,,52388,24,4,,1,58,,52389,24,4,,1,21,,52390,24,4,,1,18,,52363,24,4,,1
50502,'Weekday',731,,52391,24,4,,1,24,,52392,24,4,,1,57,,52393,24,4,,1,18,,52394,24,4,,1,18,,52395,24,4,,1,58,,52396,24,4,,1,18,,52397,24,4,,1,17,,52398,24,4,,1,15,,52399,24,4,,1,58,,52400,24,4,,1,18,,52401,24,4,,1,18,,52402,24,4,,1,58,,52403,24,4,,1,18,,52404,24,4,,1,18,,52405,24,4,,1,58,,52406,24,4,,1,18,,52407,24,4,,1,19,,52408,24,4,,1,20,,52409,24,4,,1,60,,52410,24,4,,1,19,,52411,24,4,,1,18,,52412,24,4,,1,59,,52413,24,4,,1,21,,52414,24,4,,1,20,,52415,24,4,,1,61,,52416,24,4,,1,18,,52417,24,4,,1,18,,52418,24,4,,1,59,,52419,24,4,,1,19,,52420,24,4,,1,18,,52421,24,4,,1,62,,52422,24,4,,1,19,,52423,24,4,,1,18,,52424,24,4,,1,59,,52425,24,4,,1,20,,52426,24,4,,1,18,,52427,24,4,,1,56,,52428,24,4,,1,13,,52429,24,4,,1,16,,52430,24,4,,1,17,,52431,24,4,,1,56,,52432,24,4,,1,14,,52433,24,4,,1,17,,52434,24,4,,1,16,,52435,24,4,,1,58,,52436,24,4,,1,18,,52437,24,4,,1
