603,'Saturday',804,,44043,43,,,1,45,,44029,43,,,1,85,,44030,43,,,1,84,,44031,43,,,1,85,,44032,43,,,1,45,,44028,43,,,1,87,,44034,43,,,1,85,,44033,43,,,1,86,,44036,43,,,1,46,,44037,43,,,1,86,,44035,43,,,1,85,,44038,43,,,1,85,,44040,43,,,1,45,,44041,43,,,1,85,,44039,43,,,1,85,,44042,43,,,1
603,'Sunday',917,,44045,43,,,1,85,,44044,43,,,1,46,,44047,43,,,1,85,,44048,43,,,1,85,,44049,43,,,1,85,,44050,43,,,1,48,,44051,43,,,1,86,,44046,43,,,1,85,,44052,43,,,1,85,,44053,43,,,1,45,,44054,43,,,1,85,,44055,43,,,1,84,,44056,43,,,1,85,,44057,43,,,1,44,,44058,43,,,1
603,'Weekday',640,,44059,43,,,1,19,,44061,43,,,1,61,,44065,43,,,1,20,,44066,43,,,1,19,,44062,43,,,1,61,,44067,43,,,1,22,,44064,43,,,1,17,,44069,43,,,1,60,,44063,43,,,1,20,,44068,43,,,1,63,,44060,43,,,1,30,,44083,43,,,1,22,,44081,43,,,1,59,,44074,43,,,1,21,,44077,43,,,1,66,,44079,43,,,1,22,,44075,43,,,1,20,,44072,43,,,1,64,,44078,43,,,1,24,,44070,43,,,1,22,,44076,43,,,1,61,,44073,43,,,1,25,,44082,43,,,1,65,,44071,43,,,1,27,,44080,43,,,1,25,,44085,43,,,1,60,,44086,43,,,1,21,,44084,43,,,1,20,,44087,43,,,1,60,,44088,43,,,1,20,,44089,43,,,1,20,,44090,43,,,1,60,,44091,43,,,1,20,,44093,43,,,1,19,,44094,43,,,1,60,,44095,43,,,1,14,,44092,43,,,1,20,,44096,43,,,1,60,,44100,43,,,1,21,,44097,43,,,1,22,,44098,43,,,1,65,,44099,43,,,1,25,,44101,43,,,1,62,,44102,43,,,1,27,,44103,43,,,1,27,,44104,43,,,1,72,,44105,43,,,1,70,,44106,43,,,1
2302,'Saturday',622,,47420,95,,,1,30,,47422,95,,,1,70,,47442,95,,,1,32,,47441,95,,,1,80,,47445,95,,,1,72,,47444,95,,,1,26,,47448,95,,,1,68,,47449,95,,,1,24,,47446,95,,,1,28,,47447,95,,,1,69,,47450,95,,,1,28,,47453,95,,,1,68,,47454,95,,,1,27,,47451,95,,,1,71,,47452,95,,,1,28,,47443,95,,,1,68,,47432,95,,,1,29,,47435,95,,,1,66,,47436,95,,,1,28,,47437,95,,,1,70,,47434,95,,,1,30,,47433,95,,,1,70,,47439,95,,,1,30,,47440,95,,,1,68,,47438,95,,,1,29,,47424,95,,,1,27,,47425,95,,,1,67,,47421,95,,,1,30,,47431,95,,,1,72,,47423,95,,,1,30,,47427,95,,,1,69,,47429,95,,,1,29,,47426,95,,,1,68,,47428,95,,,1,29,,47430,95,,,1,70,,47458,95,,,1,30,,47457,95,,,1,70,,47456,95,,,1,30,,47455,95,,,1
2302,'Sunday',836,,47485,95,,,1,69,,47459,95,,,1,26,,47462,95,,,1,25,,47463,95,,,1,69,,47464,95,,,1,28,,47461,95,,,1,68,,47465,95,,,1,28,,47466,95,,,1,71,,47460,95,,,1,25,,47468,95,,,1,71,,47470,95,,,1,28,,47467,95,,,1,66,,47471,95,,,1,28,,47469,95,,,1,71,,47473,95,,,1,29,,47474,95,,,1,68,,47475,95,,,1,29,,47472,95,,,1,68,,47476,95,,,1,30,,47490,95,,,1,70,,47480,95,,,1,31,,47481,95,,,1,66,,47478,95,,,1,27,,47477,95,,,1,28,,47482,95,,,1,69,,47483,95,,,1,25,,47484,95,,,1,67,,47479,95,,,1,25,,47488,95,,,1,67,,47489,95,,,1,28,,47486,95,,,1,67,,47487,95,,,1
2302,'Weekday',545,,47491,95,,,1,56,,47501,95,,,1,17,,47502,95,,,1,13,,47500,95,,,1,16,,47504,95,,,1,56,,47506,95,,,1,15,,47507,95,,,1,15,,47508,95,,,1,15,,47505,95,,,1,56,,47509,95,,,1,15,,47503,95,,,1,15,,47510,95,,,1,16,,47511,95,,,1,60,,47512,95,,,1,17,,47513,95,,,1,17,,47498,95,,,1,59,,47494,95,,,1,24,,47496,95,,,1,29,,47514,95,,,1,72,,47515,95,,,1,31,,47516,95,,,1,70,,47517,95,,,1,30,,47518,95,,,1,70,,47519,95,,,1,72,,47520,95,,,1,31,,47521,95,,,1,70,,47497,95,,,1,23,,47545,95,,,1,20,,47542,95,,,1,61,,47544,95,,,1,14,,47541,95,,,1,16,,47543,95,,,1,17,,47540,95,,,1,57,,47522,95,,,1,15,,47523,95,,,1,15,,47524,95,,,1,13,,47525,95,,,1,55,,47526,95,,,1,15,,47527,95,,,1,15,,47528,95,,,1,15,,47529,95,,,1,55,,47530,95,,,1,14,,47531,95,,,1,14,,47492,95,,,1,15,,47499,95,,,1,53,,47495,95,,,1,15,,47493,95,,,1,34,,47533,95,,,1,73,,47534,95,,,1,33,,47535,95,,,1,67,,47532,95,,,1,75,,47536,95,,,1,33,,47537,95,,,1,74,,47538,95,,,1,34,,47539,95,,,1
2604,'Saturday',726,,47804,23,,,1,30,,47805,23,,,1,70,,47809,23,,,1,30,,47811,23,,,1,70,,47808,23,,,1,30,,47813,23,,,1,70,,47810,23,,,1,30,,47814,23,,,1,70,,47815,23,,,1,30,,47812,23,,,1,70,,47816,23,,,1,30,,47817,23,,,1,71,,47818,23,,,1,30,,47819,23,,,1,70,,47833,23,,,1,30,,47821,23,,,1,70,,47822,23,,,1,30,,47823,23,,,1,70,,47820,23,,,1,30,,47824,23,,,1,70,,47825,23,,,1,30,,47826,23,,,1,69,,47827,23,,,1,30,,47828,23,,,1,69,,47829,23,,,1,30,,47830,23,,,1,70,,47831,23,,,1,30,,47832,23,,,1,70,,47806,23,,,1,30,,47807,23,,,1
2604,'Sunday',726,,47834,23,,,1,100,,47837,23,,,1,100,,47839,23,,,1,100,,47835,23,,,1,100,,47836,23,,,1,100,,47840,23,,,1,101,,47838,23,,,1,100,,47842,23,,,1,100,,47843,23,,,1,100,,47841,23,,,1,100,,47844,23,,,1,99,,47845,23,,,1,99,,47846,23,,,1,100,,47847,23,,,1
2604,'Weekday',507,,47848,23,,,1,22,,47849,23,,,1,22,,47850,23,,,1,58,,47852,23,,,1,19,,47854,23,,,1,29,,47855,23,,,1,62,,47851,23,,,1,20,,47856,23,,,1,17,,47853,23,,,1,72,,47857,23,,,1,21,,47858,23,,,1,63,,47859,23,,,1,22,,47860,23,,,1,22,,47862,23,,,1,60,,47863,23,,,1,21,,47864,23,,,1,22,,47861,23,,,1,62,,47865,23,,,1,22,,47866,23,,,1,62,,47867,23,,,1,22,,47868,23,,,1,22,,47869,23,,,1,62,,47870,23,,,1,22,,47871,23,,,1,22,,47872,23,,,1,62,,47873,23,,,1,22,,47874,23,,,1,62,,47875,23,,,1,25,,47876,23,,,1,22,,47877,23,,,1,62,,47878,23,,,1,22,,47879,23,,,1,22,,47880,23,,,1,65,,47881,23,,,1,19,,47882,23,,,1,62,,47883,23,,,1,25,,47884,23,,,1,18,,47885,23,,,1,61,,47887,23,,,1,22,,47889,23,,,1,28,,47890,23,,,1,58,,47886,23,,,1,20,,47891,23,,,1,22,,47888,23,,,1,62,,47892,23,,,1,22,,47893,23,,,1,62,,47894,23,,,1,22,,47895,23,,,1,22,,47897,23,,,1,62,,47898,23,,,1,21,,47899,23,,,1,22,,47896,23,,,1,62,,47900,23,,,1,22,,47901,23,,,1,22,,47902,23,,,1
2704,'Saturday',821,,47948,15,,,1,35,,47949,15,,,1,75,,47950,15,,,1,75,,47951,15,,,1,35,,47953,15,,,1,75,,47947,15,,,1,35,,47952,15,,,1,75,,47954,15,,,1,75,,47956,15,,,1,35,,47957,15,,,1,75,,47958,15,,,1,35,,47959,15,,,1,75,,47960,15,,,1,35,,47961,15,,,1,75,,47955,15,,,1,75,,47962,15,,,1,35,,47963,15,,,1,75,,47964,15,,,1
2704,'Weekday',607,,47967,15,,,1,35,,47966,15,,,1,74,,47968,15,,,1,36,,47965,15,,,1,74,,47969,15,,,1,32,,47970,15,,,1,70,,47971,15,,,1,77,,47973,15,,,1,35,,47974,15,,,1,73,,47975,15,,,1,33,,47972,15,,,1,73,,47976,15,,,1,33,,47977,15,,,1,74,,47979,15,,,1,33,,47980,15,,,1,73,,47981,15,,,1,73,,47978,15,,,1,35,,47982,15,,,1,82,,47984,15,,,1,79,,47987,15,,,1,39,,47988,15,,,1,75,,47985,15,,,1,34,,47990,15,,,1,78,,47986,15,,,1,80,,47989,15,,,1,34,,47983,15,,,1
2802,'Saturday',557,,48100,37,0,5,1,65,,48115,33,,,1,25,,48101,37,0,5,1,65,,48116,33,,,1,25,,48098,37,0,5,1,65,,48119,33,,,1,25,,48099,37,0,5,1,25,,48120,33,,,1,65,,48102,37,0,5,1,25,,48121,33,,,1,65,,48104,37,0,5,1,25,,48117,33,,,1,25,,48105,37,0,5,1,65,,48118,33,,,1,25,,48106,37,0,5,1,65,,48122,33,,,1,25,,48103,37,0,5,1,65,,48124,33,,,1,25,,48107,37,0,5,1,25,,48125,33,,,1,65,,48108,37,0,5,1,25,,48126,33,,,1,65,,48109,37,0,5,1,25,,48123,33,,,1,25,,48111,37,0,5,1,65,,48127,33,,,1,25,,48112,37,0,5,1,65,,48128,33,,,1,25,,48113,37,0,5,1,65,,48129,33,,,1,25,,48110,37,0,5,1,25,,48130,33,,,1,65,,48114,37,0,5,1
2802,'Sunday',557,,48145,37,0,5,1,65,,48135,33,,,1,25,,48132,37,0,5,1,65,,48141,33,,,1,25,,48137,37,0,5,1,65,,48131,33,,,1,25,,48144,37,0,5,1,25,,48134,33,,,1,65,,48133,37,0,5,1,25,,48139,33,,,1,65,,48138,37,0,5,1,25,,48136,33,,,1,25,,48143,37,0,5,1,65,,48140,33,,,1,25,,48147,37,0,5,1,65,,48142,33,,,1,25,,48148,37,0,5,1,65,,48146,33,,,1,25,,48150,37,0,5,1,25,,48149,33,,,1,65,,48151,37,0,5,1,25,,48152,33,,,1,65,,48153,37,0,5,1,25,,48155,33,,,1,25,,48154,37,0,5,1,65,,48156,33,,,1,25,,48157,37,0,5,1,65,,48158,33,,,1,25,,48159,37,0,5,1,65,,48160,33,,,1,25,,48161,37,0,5,1,25,,48162,33,,,1,65,,48163,37,0,5,1
2802,'Weekday',535,,48204,33,,,1,18,,48164,37,0,5,1,54,,48185,33,,,1,22,,48165,37,0,5,1,28,,48186,33,,,1,62,,48166,37,0,5,1,18,,48187,33,,,1,19,,48167,37,0,5,1,63,,48184,33,,,1,20,,48168,37,0,5,1,20,,48188,33,,,1,60,,48169,37,0,5,1,20,,48189,33,,,1,20,,48170,37,0,5,1,63,,48190,33,,,1,17,,48171,37,0,5,1,20,,48191,33,,,1,59,,48172,37,0,5,1,21,,48192,33,,,1,20,,48174,37,0,5,1,59,,48193,33,,,1,21,,48175,37,0,5,1,20,,48194,33,,,1,59,,48176,37,0,5,1,21,,48195,33,,,1,20,,48177,37,0,5,1,60,,48196,33,,,1,20,,48178,37,0,5,1,20,,48197,33,,,1,60,,48173,37,0,5,1,20,,48198,33,,,1,20,,48179,37,0,5,1,60,,48199,33,,,1,20,,48180,37,0,5,1,19,,48200,33,,,1,61,,48181,37,0,5,1,20,,48201,33,,,1,67,,48182,37,0,5,1,13,,48202,33,,,1,20,,48183,37,0,5,1,20,,48203,33,,,1
