101,'Saturday',604,,42292,24,4,,1,20,,42291,47,4,,1,21,,42290,47,4,,1,58,,42293,47,4,,1,18,,42289,73,4,,1,21,,42300,73,4,,1,60,,42299,73,4,,1,20,,42301,73,4,,1,23,,42302,73,4,,1,61,,42303,73,4,,1,20,,42304,73,4,,1,20,,42305,73,4,,1,60,,42306,73,4,,1,21,,42307,73,4,,1,20,,42308,73,4,,1,59,,42309,73,4,,1,22,,42310,73,4,,1,20,,42311,73,4,,1,60,,42312,73,4,,1,20,,42313,73,4,,1,20,,42314,73,4,,1,59,,42315,73,4,,1,21,,42316,73,4,,1,19,,42317,73,4,,1,65,,42318,73,4,,1,22,,42320,73,4,,1,22,,42321,73,4,,1,61,,42322,73,4,,1,23,,42319,73,4,,1,60,,42323,73,4,,1,21,,42324,73,4,,1,20,,42325,73,4,,1,60,,42326,73,4,,1,20,,42327,73,4,,1,21,,42328,73,4,,1,59,,42329,73,4,,1,18,,42330,73,4,,1,21,,42331,73,4,,1,19,,42332,73,4,,1,57,,42333,73,4,,1,18,,42334,73,4,,1,19,,42298,73,4,,1,57,,42297,73,4,,1,27,,42337,73,4,,1,70,,42338,73,4,,1,30,,42339,73,4,,1,69,,42341,73,4,,1,33,,42342,73,4,,1,70,,42343,73,4,,1,24,,42340,73,4,,1,69,,42344,73,4,,1,29,,42335,73,4,,1,69,,42336,73,4,,1,30,,42294,73,4,,1,82,,42296,73,4,,1
101,'Sunday',630,,42348,73,4,,1,75,,42346,24,4,,1,95,,42345,73,4,,1,20,,42357,73,4,,1,21,,42358,73,4,,1,60,,42359,73,4,,1,20,,42360,73,4,,1,20,,42362,73,4,,1,60,,42363,73,4,,1,21,,42364,73,4,,1,20,,42361,73,4,,1,60,,42366,73,4,,1,21,,42367,73,4,,1,20,,42365,73,4,,1,61,,42370,73,4,,1,20,,42371,73,4,,1,20,,42369,73,4,,1,60,,42368,73,4,,1,21,,42372,73,4,,1,20,,42373,73,4,,1,61,,42374,73,4,,1,20,,42375,73,4,,1,21,,42377,73,4,,1,60,,42378,73,4,,1,20,,42379,73,4,,1,20,,42376,73,4,,1,60,,42380,73,4,,1,21,,42384,73,4,,1,20,,42385,73,4,,1,60,,42381,73,4,,1,20,,42382,73,4,,1,20,,42386,73,4,,1,60,,42383,73,4,,1,20,,42387,73,4,,1,19,,42388,73,4,,1,58,,42389,73,4,,1,19,,42390,73,4,,1,20,,42391,73,4,,1,60,,42393,73,4,,1,20,,42394,73,4,,1,19,,42395,73,4,,1,60,,42392,73,4,,1,17,,42396,73,4,,1,20,,42397,73,4,,1,65,,42398,73,4,,1,20,,42399,73,4,,1,19,,42400,73,4,,1,60,,42355,73,4,,1,19,,42352,73,4,,1,20,,42353,73,4,,1,59,,42349,73,4,,1,15,,42354,73,4,,1,19,,42356,73,4,,1,23,,42351,73,4,,1
101,'Weekday',410,,42409,24,4,,1,19,,42410,47,4,,1,22,,42408,47,4,,1,60,,42405,47,4,,1,18,,42404,47,4,,1,30,,42403,73,4,,1,64,,42407,73,4,,1,25,,42406,73,4,,1,64,,42418,73,4,,1,23,,42419,73,4,,1,66,,42420,73,4,,1,27,,42413,73,4,,1,19,,42416,73,4,,1,67,,42412,73,4,,1,26,,42417,73,4,,1,65,,42414,73,4,,1,45,,42427,73,4,,1,69,,42428,73,4,,1,81,,42429,73,4,,1,27,,42430,73,4,,1,25,,42431,73,4,,1,70,,42432,73,4,,1,88,,42433,77,4,,1,20,,42434,73,4,,1,87,,42435,73,4,,1,29,,42436,73,4,,1,64,,42437,77,4,,1,26,,42446,73,4,,1,66,,42450,73,4,,1,43,,42451,73,4,,1,73,,42452,73,4,,1,23,,42453,73,4,,1,65,,42454,73,4,,1,15,,42455,73,4,,1,19,,42456,73,4,,1,61,,42457,73,4,,1,16,,42458,73,4,,1,17,,42459,73,4,,1,24,,42460,73,4,,1,60,,42461,73,4,,1,24,,42462,73,4,,1,60,,42463,73,4,,1,21,,42464,73,4,,1,23,,42474,73,4,,1,77,,42476,73,4,,1,27,,42475,73,4,,1,81,,42479,73,4,,1,73,,42480,73,4,,1,32,,42477,73,4,,1,72,,42478,73,4,,1
102,'Saturday',607,,42487,1,,,1,20,,42507,1,,,1,20,,42506,1,,,1,60,,42508,1,,,1,20,,42509,1,,,1,20,,42510,1,,,1,60,,42511,1,,,1,20,,42512,1,,,1,24,,42513,1,,,1,60,,42514,1,,,1,20,,42515,1,,,1,20,,42516,1,,,1,58,,42517,1,,,1,20,,42518,1,,,1,20,,42519,1,,,1,60,,42520,1,,,1,21,,42521,1,,,1,20,,42522,1,,,1,60,,42523,1,,,1,20,,42524,1,,,1,22,,42525,1,,,1,58,,42527,1,,,1,20,,42528,1,,,1,20,,42529,1,,,1,59,,42526,1,,,1,19,,42530,1,,,1,21,,42531,1,,,1,61,,42532,1,,,1,19,,42505,1,,,1,20,,42503,1,,,1,60,,42502,1,,,1,20,,42499,1,,,1,22,,42500,1,,,1,60,,42497,1,,,1,20,,42495,1,,,1,20,,42498,1,,,1,60,,42496,1,,,1,19,,42501,1,,,1,21,,42494,1,,,1,56,,42504,1,,,1,30,,42535,1,,,1,76,,42536,1,,,1,28,,42537,1,,,1,70,,42538,1,,,1,30,,42539,1,,,1,70,,42540,1,,,1,32,,42541,1,,,1,70,,42542,1,,,1,22,,42534,1,,,1,69,,42492,1,,,1,29,,42490,1,,,1,69,,42543,1,,,1,30,,42493,1,,,1,82,,42491,1,,,1
102,'Sunday',551,,42547,1,,,1,83,,42545,1,,,1,16,,42571,1,,,1,60,,42572,1,,,1,20,,42573,1,,,1,20,,42574,1,,,1,60,,42576,1,,,1,20,,42577,1,,,1,20,,42578,1,,,1,60,,42575,1,,,1,20,,42580,1,,,1,20,,42581,1,,,1,60,,42566,1,,,1,20,,42567,1,,,1,20,,42551,1,,,1,60,,42561,1,,,1,20,,42549,1,,,1,20,,42560,1,,,1,60,,42553,1,,,1,20,,42558,1,,,1,20,,42565,1,,,1,60,,42562,1,,,1,20,,42548,1,,,1,20,,42564,1,,,1,60,,42557,1,,,1,26,,42550,1,,,1,20,,42554,1,,,1,60,,42569,1,,,1,20,,42552,1,,,1,20,,42568,1,,,1,60,,42559,1,,,1,20,,42570,1,,,1,20,,42563,1,,,1,60,,42555,1,,,1,20,,42556,1,,,1,20,,42579,1,,,1,60,,42584,1,,,1,20,,42585,1,,,1,20,,42583,1,,,1,60,,42582,1,,,1,20,,42586,1,,,1,20,,42587,1,,,1,60,,42588,1,,,1,20,,42589,1,,,1,20,,42591,1,,,1,60,,42592,1,,,1,20,,42593,1,,,1,14,,42590,1,,,1,60,,42594,1,,,1,27,,42597,1,,,1,65,,42598,1,,,1,26,,42595,1,,,1,20,,42596,1,,,1,60,,42599,1,,,1,15,,42544,1,,,1,20,,42600,1,,,1,61,,42546,1,,,1
102,'Weekday',413,,42603,1,,,1,19,,42604,1,,,1,22,,42601,1,,,1,61,,42607,1,,,1,19,,42608,1,,,1,21,,42606,1,,,1,59,,42605,1,,,1,18,,42617,1,,,1,23,,42611,1,,,1,63,,42613,1,,,1,26,,42616,1,0,7,1,65,,42619,1,,,1,23,,42620,1,,,1,21,,42610,1,,,1,70,,42623,1,,,1,24,,42624,1,,,1,65,,42625,1,,,1,88,,42626,1,,,1,25,,42627,1,,,1,82,,42628,1,,,1,28,,42629,1,,,1,74,,42630,1,0,7,1,27,,42622,1,,,1,82,,42631,1,,,1,27,,42632,1,,,1,62,,42650,1,,,1,23,,42648,1,,,1,25,,42645,1,,,1,61,,42651,1,,,1,24,,42652,1,,,1,9,,42653,1,,,1,61,,42654,1,,,1,38,,42655,1,,,1,67,,42656,1,,,1,13,,42657,1,,,1,18,,42658,1,,,1,64,,42659,1,,,1,26,,42660,1,,,1,22,,42661,1,,,1,62,,42662,1,,,1,19,,42663,1,,,1,63,,42671,1,,,1,24,,42670,1,,,1,22,,42669,1,,,1,79,,42672,1,,,1,30,,42673,1,,,1,77,,42674,1,,,1,69,,42675,1,,,1,35,,42676,1,,,1,72,,42677,1,,,1,32,,42678,1,,,1
2301,'Saturday',733,,47292,85,4,,1,70,,47290,85,4,,1,28,,47300,85,4,,1,70,,47304,85,4,,1,24,,47305,85,4,,1,29,,47302,85,4,,1,68,,47301,85,4,,1,26,,47303,85,4,,1,68,,47306,85,4,,1,29,,47307,85,4,,1,69,,47308,85,4,,1,29,,47309,85,4,,1,69,,47311,85,4,,1,29,,47313,85,4,,1,70,,47314,85,4,,1,29,,47310,85,4,,1,68,,47315,85,4,,1,30,,47316,85,4,,1,69,,47317,85,4,,1,26,,47318,85,4,,1,69,,47312,85,4,,1,25,,47319,85,4,,1,27,,47320,85,4,,1,70,,47321,85,4,,1,32,,47322,85,4,,1,80,,47294,85,4,,1,75,,47291,85,4,,1,29,,47295,85,4,,1,70,,47293,85,4,,1,29,,47297,85,4,,1,70,,47299,85,4,,1,27,,47296,85,4,,1,68,,47298,85,4,,1,30,,47323,85,4,,1,70,,47325,85,4,,1,30,,47324,85,4,,1,70,,47326,85,4,,1,30,,47327,85,4,,1
2301,'Sunday',826,,47356,85,4,,1,27,,47329,85,4,,1,72,,47331,85,4,,1,25,,47328,85,4,,1,69,,47332,85,4,,1,27,,47330,85,4,,1,70,,47334,85,4,,1,28,,47335,85,4,,1,67,,47336,85,4,,1,28,,47333,85,4,,1,70,,47337,85,4,,1,30,,47341,85,4,,1,68,,47342,85,4,,1,30,,47339,85,4,,1,67,,47338,85,4,,1,27,,47343,85,4,,1,71,,47344,85,4,,1,30,,47345,85,4,,1,70,,47340,85,4,,1,26,,47347,85,4,,1,29,,47348,85,4,,1,68,,47350,85,4,,1,28,,47346,85,4,,1,69,,47352,85,4,,1,29,,47349,85,4,,1,64,,47354,85,4,,1,27,,47351,85,4,,1,73,,47353,85,4,,1,27,,47357,85,4,,1,67,,47355,85,4,,1,28,,47359,85,4,,1,68,,47358,85,4,,1
2301,'Weekday',519,,47360,85,4,,1,16,,47361,85,4,,1,15,,47362,85,4,,1,57,,47363,85,4,,1,18,,47364,85,4,,1,15,,47365,85,4,,1,14,,47366,85,4,,1,54,,47367,85,4,,1,16,,47368,85,4,,1,15,,47369,85,4,,1,15,,47370,85,4,,1,57,,47372,85,4,,1,14,,47373,85,4,,1,17,,47374,85,4,,1,58,,47371,85,4,,1,16,,47376,85,4,,1,13,,47377,85,4,,1,14,,47378,85,4,,1,15,,47375,85,4,,1,53,,47379,85,4,,1,24,,47380,85,4,,1,69,,47381,85,4,,1,29,,47382,85,4,,1,73,,47383,85,4,,1,29,,47384,85,4,,1,68,,47385,85,4,,1,31,,47386,85,4,,1,71,,47387,85,4,,1,29,,47388,85,4,,1,67,,47419,85,4,,1,20,,47389,85,4,,1,18,,47418,85,4,,1,14,,47415,85,4,,1,55,,47417,85,4,,1,13,,47416,85,4,,1,13,,47391,85,4,,1,15,,47390,85,4,,1,55,,47392,85,4,,1,15,,47394,85,4,,1,14,,47396,85,4,,1,15,,47397,85,4,,1,55,,47398,85,4,,1,15,,47395,85,4,,1,14,,47399,85,4,,1,15,,47393,85,4,,1,55,,47401,85,4,,1,15,,47402,85,4,,1,15,,47400,85,4,,1,15,,47404,85,4,,1,53,,47403,85,4,,1,19,,47405,85,4,,1,37,,47407,85,4,,1,70,,47408,85,4,,1,32,,47409,85,4,,1,74,,47410,85,4,,1,74,,47411,85,4,,1,32,,47406,85,4,,1,72,,47412,85,4,,1,33,,47413,85,4,,1,74,,47414,85,4,,1
2302,'Saturday',514,,47420,1,,,1,30,,47422,1,,,1,70,,47442,1,,,1,32,,47441,1,,,1,78,,47445,1,,,1,31,,47444,1,,,1,65,,47448,1,,,1,26,,47449,1,,,1,64,,47446,1,,,1,28,,47447,1,,,1,68,,47450,1,,,1,28,,47453,1,,,1,69,,47454,1,,,1,27,,47451,1,,,1,28,,47452,1,,,1,68,,47443,1,,,1,28,,47432,1,,,1,68,,47435,1,,,1,28,,47436,1,,,1,68,,47437,1,,,1,28,,47434,1,,,1,68,,47433,1,,,1,28,,47439,1,,,1,70,,47440,1,,,1,30,,47438,1,,,1,68,,47424,1,,,1,28,,47425,1,,,1,69,,47421,1,,,1,32,,47431,1,,,1,73,,47423,1,,,1,32,,47427,1,,,1,72,,47429,1,,,1,29,,47426,1,,,1,69,,47428,1,,,1,30,,47430,1,,,1,70,,47458,1,,,1,30,,47457,1,,,1,70,,47456,1,,,1,30,,47455,1,,,1
2302,'Sunday',722,,47485,1,,,1,30,,47459,1,,,1,65,,47462,1,,,1,25,,47463,1,,,1,67,,47464,1,,,1,28,,47461,1,,,1,68,,47465,1,,,1,27,,47466,1,,,1,70,,47460,1,,,1,25,,47468,1,,,1,28,,47470,1,,,1,67,,47467,1,,,1,25,,47471,1,,,1,70,,47469,1,,,1,30,,47473,1,,,1,65,,47474,1,,,1,28,,47475,1,,,1,69,,47472,1,,,1,28,,47476,1,,,1,70,,47490,1,,,1,30,,47480,1,,,1,70,,47481,1,,,1,26,,47478,1,,,1,69,,47477,1,,,1,30,,47482,1,,,1,71,,47483,1,,,1,28,,47484,1,,,1,28,,47479,1,,,1,68,,47488,1,,,1,28,,47489,1,,,1,68,,47486,1,,,1,28,,47487,1,,,1
2302,'Weekday',430,,47491,1,,,1,15,,47501,1,,,1,56,,47502,1,,,1,14,,47500,1,,,1,15,,47504,1,,,1,15,,47506,1,,,1,55,,47507,1,,,1,15,,47508,1,,,1,15,,47505,1,,,1,15,,47509,1,,,1,55,,47503,1,,,1,15,,47510,1,,,1,15,,47511,1,,,1,19,,47512,1,,,1,55,,47513,1,,,1,17,,47498,1,,,1,18,,47494,1,,,1,70,,47496,1,,,1,29,,47514,1,,,1,71,,47515,1,,,1,31,,47516,1,,,1,68,,47517,1,,,1,30,,47518,1,,,1,71,,47519,1,,,1,32,,47520,1,,,1,69,,47521,1,,,1,29,,47497,1,,,1,61,,47545,1,,,1,19,,47542,1,,,1,19,,47544,1,,,1,14,,47541,1,,,1,55,,47543,1,,,1,17,,47540,1,,,1,18,,47522,1,,,1,14,,47523,1,,,1,55,,47524,1,,,1,15,,47525,1,,,1,15,,47526,1,,,1,15,,47527,1,,,1,55,,47528,1,,,1,15,,47529,1,,,1,15,,47530,1,,,1,15,,47531,1,,,1,55,,47492,1,,,1,17,,47499,1,,,1,13,,47495,1,,,1,15,,47493,1,,,1,74,,47533,1,,,1,74,,47534,1,,,1,32,,47535,1,,,1,72,,47532,1,,,1,38,,47536,1,,,1,74,,47537,1,,,1,34,,47538,1,,,1,74,,47539,1,,,1
3503,'Saturday',845,,49118,1,,,1,85,,49122,1,,,1,85,,49123,1,,,1,85,,49124,1,,,1,45,,49125,1,,,1,85,,49126,1,,,1,85,,49127,1,,,1,85,,49128,1,,,1,45,,49129,1,,,1,85,,49130,1,,,1,85,,49131,1,,,1,85,,49132,1,,,1,45,,49133,1,,,1,85,,49120,1,,,1,85,,49119,1,,,1,85,,49121,1,,,1
3503,'Sunday',755,,49134,1,,,1,85,,49135,1,,,1,85,,49136,1,,,1,85,,49137,1,,,1,45,,49138,1,,,1,85,,49139,1,,,1,85,,49140,1,,,1,85,,49141,1,,,1,45,,49142,1,,,1,85,,49143,1,,,1,85,,49144,1,,,1,85,,49145,1,,,1,45,,49146,1,,,1,85,,49147,1,,,1,85,,49148,1,,,1,85,,49149,1,,,1
3503,'Weekday',525,,49150,1,,,1,85,,49153,1,,,1,45,,49154,1,,,1,85,,49155,1,,,1,85,,49156,1,,,1,85,,49157,1,,,1,45,,49158,1,,,1,85,,49159,1,,,1,85,,49160,1,,,1,85,,49161,1,,,1,45,,49162,1,,,1,85,,49163,1,,,1,85,,49164,1,,,1,85,,49165,1,,,1,45,,49166,1,,,1,85,,49167,1,,,1,85,,49168,1,,,1,85,,49169,1,,,1,45,,49170,1,,,1,85,,49171,1,,,1,85,,49172,1,,,1,85,,49173,1,,,1,45,,49174,1,,,1,85,,49151,1,,,1,85,,49152,1,,,1
3504,'Saturday',842,,49175,31,4,,1,75,,49178,31,4,,1,85,,49179,31,4,,1,45,,49180,31,4,,1,85,,49181,31,4,,1,85,,49182,31,4,,1,85,,49183,31,4,,1,45,,49184,31,4,,1,86,,49185,31,4,,1,85,,49186,31,4,,1,85,,49187,31,4,,1,45,,49188,31,4,,1,85,,49189,31,4,,1,85,,49190,31,4,,1,84,,49191,31,4,,1,45,,49176,31,4,,1,85,,49177,31,4,,1
3504,'Sunday',912,,49192,31,4,,1,45,,49198,31,4,,1,85,,49199,31,4,,1,85,,49200,31,4,,1,85,,49201,31,4,,1,45,,49202,31,4,,1,85,,49203,31,4,,1,85,,49204,31,4,,1,85,,49205,31,4,,1,45,,49206,31,4,,1,85,,49207,31,4,,1,85,,49194,31,4,,1,85,,49197,31,4,,1,45,,49193,31,4,,1,85,,49196,31,4,,1,85,,49195,31,4,,1
3504,'Weekday',558,,49208,31,4,,1,85,,49213,31,4,,1,87,,49214,31,4,,1,85,,49215,31,4,,1,85,,49216,31,4,,1,45,,49217,31,4,,1,85,,49218,31,4,,1,85,,49219,31,4,,1,85,,49220,31,4,,1,45,,49221,31,4,,1,85,,49222,31,4,,1,85,,49223,31,4,,1,85,,49224,31,4,,1,53,,49225,31,4,,1,86,,49226,31,4,,1,85,,49227,31,4,,1,85,,49228,31,4,,1,44,,49229,31,4,,1,85,,49230,31,4,,1,84,,49231,31,4,,1,78,,49232,31,4,,1,45,,49212,31,4,,1,85,,49211,31,4,,1,85,,49210,31,4,,1,94,,49209,31,4,,1
4104,'Weekday',659,,49245,26,,,1,95,,49250,26,,,1,95,,49249,26,,,1,95,,49252,26,,,1,95,,49248,26,,,1,574,,49246,26,,,1,95,,49253,26,,,1,100,,49247,26,,,1,95,,49251,26,,,1
