301,'Saturday',601,,43092,2,,,1,25,,43094,2,,,1,25,,43095,2,,,1,65,,43096,2,,,1,25,,43097,2,,,1,62,,43091,2,0,5 7,1,23,,43098,2,,,1,27,,43117,2,0,5 7,1,63,,43099,2,,,1,27,,43118,2,0,5 7,1,63,,43100,2,,,1,27,,43119,2,0,5 7,1,23,,43101,2,,,1,67,,43120,2,0,5 7,1,23,,43102,2,,,1,67,,43122,2,0,5 7,1,23,,43103,2,,,1,67,,43123,2,0,5 7,1,23,,43105,2,,,1,27,,43121,2,0,5 7,1,63,,43107,2,,,1,27,,43125,2,0,5 7,1,63,,43109,2,,,1,27,,43126,2,0,5 7,1,23,,43104,2,,,1,67,,43127,2,0,5 7,1,23,,43110,2,,,1,67,,43124,2,0,5 7,1,23,,43106,2,,,1,67,,43128,2,0,5 7,1,23,,43108,2,,,1,27,,43129,2,0,5 7,1,63,,43112,2,,,1,25,,43130,2,,,1,64,,43113,2,,,1,23,,43131,2,,,1,21,,43111,2,,,1,59,,43132,2,,,1,24,,43114,2,,,1,25,,43133,2,,,1,65,,43115,2,,,1,25,,43134,2,,,1,65,,43116,2,,,1,25,,43093,2,,,1
301,'Sunday',713,,43159,2,0,5 7,1,28,,43135,2,,,1,67,,43136,2,0,5 7,1,28,,43160,2,,,1,67,,43145,2,0,5 7,1,23,,43162,2,,,1,27,,43141,2,0,5 7,1,63,,43163,2,,,1,27,,43148,2,0,5 7,1,63,,43164,2,,,1,27,,43150,2,0,5 7,1,23,,43161,2,,,1,67,,43140,2,0,5 7,1,23,,43165,2,,,1,62,,43143,2,0,5 7,1,28,,43166,2,,,1,22,,43153,2,0,5 7,1,63,,43167,2,,,1,27,,43146,2,0,5 7,1,63,,43168,2,,,1,27,,43142,2,0,5 7,1,63,,43138,2,,,1,27,,43137,2,0,5 7,1,23,,43149,2,,,1,67,,43154,2,0,5 7,1,21,,43139,2,,,1,69,,43155,2,0,5 7,1,21,,43151,2,,,1,29,,43157,2,0,5 7,1,63,,43144,2,,,1,27,,43147,2,0,5 7,1,63,,43170,2,,,1,25,,43171,2,,,1,65,,43172,2,,,1,25,,43169,2,,,1,25,,43173,2,,,1,65,,43174,2,,,1,25,,43175,2,,,1,65,,43158,2,,,1,25,,43152,2,,,1,25,,43156,2,,,1
301,'Weekday',404,,43245,2,,,1,20,,43247,2,,,1,17,,43225,2,,,1,15,,43177,2,,,1,55,,43178,2,,,1,15,,43176,2,,,1,15,,43246,2,,,1,15,,43180,2,,,1,55,,43181,2,,,1,15,,43179,2,,,1,14,,43183,2,,,1,12,,43182,2,,,1,59,,43184,2,,,1,17,,43185,2,0,5 7,1,14,,43188,2,0,5 7,1,14,,43191,2,,,1,54,,43189,2,0,5 7,1,14,,43186,2,,,1,18,,43193,2,0,5 7,1,10,,43192,2,,,1,65,,43190,2,0,5 7,1,14,,43187,2,,,1,17,,43194,2,0,5 7,1,53,,43242,2,,,1,17,,43238,2,0,5 7,1,17,,43236,2,,,1,15,,43243,2,0,5 7,1,55,,43233,2,,,1,18,,43237,2,0,5 7,1,13,,43234,2,,,1,17,,43239,2,0,5 7,1,54,,43232,2,,,1,16,,43235,2,0,5 7,1,11,,43244,2,,,1,15,,43241,2,0,5 7,1,56,,43240,2,,,1,13,,43197,2,0,5 7,1,13,,43229,2,,,1,16,,43228,2,0,5 7,1,54,,43195,2,,,1,17,,43227,2,0,5 7,1,13,,43230,2,,,1,17,,43226,2,0,5 7,1,53,,43196,2,,,1,16,,43231,2,0,5 7,1,14,,43207,2,,,1,19,,43200,2,0,5 7,1,52,,43208,2,,,1,16,,43201,2,0,5 7,1,13,,43209,2,,,1,17,,43198,2,0,5 7,1,53,,43211,2,,,1,17,,43199,2,0,5 7,1,13,,43212,2,,,1,15,,43213,2,,,1,57,,43202,2,0,5 7,1,13,,43210,2,,,1,17,,43203,2,0,5 7,1,13,,43214,2,,,1,57,,43204,2,0,5 7,1,13,,43216,2,,,1,17,,43205,2,0,5 7,1,11,,43217,2,,,1,59,,43206,2,0,5 7,1,28,,43218,2,,,1,73,,43219,2,0,5 7,1,27,,43215,2,,,1,70,,43222,2,,,1,30,,43223,2,,,1,70,,43220,2,,,1,30,,43221,2,,,1,70,,43224,2,,,1
703,'Saturday',613,,44199,63,,,1,16,,44191,63,,,1,17,,44195,63,,,1,56,,44200,63,,,1,19,,44194,63,,,1,14,,44201,63,,,1,16,,44224,63,,,1,56,,44202,63,,,1,15,,44225,63,,,1,16,,44203,63,,,1,17,,44226,63,,,1,57,,44205,63,,,1,17,,44256,63,,,1,17,,44206,63,,,1,56,,44227,63,,,1,17,,44207,63,,,1,17,,44228,63,,,1,15,,44204,63,,,1,57,,44229,63,,,1,18,,44208,63,,,1,16,,44230,63,,,1,16,,44209,63,,,1,59,,44231,63,,,1,18,,44210,63,,,1,17,,44232,63,,,1,56,,44211,63,,,1,15,,44233,63,,,1,17,,44212,63,,,1,15,,44234,63,,,1,54,,44213,63,,,1,14,,44235,63,,,1,16,,44214,63,,,1,16,,44236,63,,,1,56,,44215,63,,,1,15,,44237,63,,,1,17,,44216,63,,,1,16,,44238,63,,,1,59,,44217,63,,,1,16,,44239,63,,,1,16,,44255,63,,,1,56,,44241,63,,,1,15,,44218,63,,,1,17,,44242,63,,,1,16,,44219,63,,,1,55,,44243,63,,,1,14,,44220,63,,,1,16,,44240,63,,,1,16,,44221,63,,,1,58,,44244,63,,,1,19,,44222,63,,,1,15,,44245,63,,,1,56,,44223,63,,,1,12,,44246,63,,,1,17,,44248,63,,,1,19,,44247,63,,,1,57,,44249,63,,,1,38,,44250,63,,,1,71,,44251,63,,,1,30,,44252,63,,,1,71,,44253,63,,,1,30,,44254,63,,,1,70,,44196,63,,,1,32,,44198,63,,,1
703,'Sunday',701,,44317,41,,,1,28,,44318,63,,,1,19,,44258,63,,,1,54,,44278,63,,,1,17,,44291,63,,,1,13,,44274,63,,,1,16,,44304,63,,,1,55,,44308,63,,,1,16,,44289,63,,,1,17,,44264,63,,,1,14,,44305,63,,,1,55,,44275,63,,,1,14,,44288,63,,,1,16,,44273,63,,,1,17,,44302,63,,,1,55,,44312,63,,,1,15,,44286,63,,,1,14,,44268,63,,,1,15,,44303,63,,,1,56,,44280,63,,,1,14,,44285,63,,,1,16,,44271,63,,,1,15,,44301,63,,,1,55,,44313,63,,,1,13,,44306,63,,,1,15,,44293,63,,,1,15,,44300,63,,,1,55,,44279,63,,,1,18,,44284,63,,,1,15,,44270,63,,,1,15,,44299,63,,,1,56,,44263,63,,,1,11,,44307,63,,,1,15,,44265,63,,,1,16,,44295,63,,,1,55,,44276,63,,,1,17,,44283,63,,,1,15,,44267,63,,,1,15,,44298,63,,,1,54,,44269,63,,,1,15,,44309,63,,,1,14,,44262,63,,,1,14,,44297,63,,,1,55,,44272,63,,,1,16,,44282,63,,,1,16,,44266,63,,,1,16,,44296,63,,,1,71,,44310,63,,,1,29,,44294,63,,,1,54,,44281,63,,,1,13,,44316,63,,,1,19,,44287,63,,,1,65,,44311,63,,,1,24,,44259,63,,,1,24,,44277,63,,,1,65,,44292,63,,,1,23,,44314,63,,,1,69,,44315,63,,,1,31,,44261,63,,,1
703,'Weekday',501,,44320,41,,,1,16,,44344,41,,,1,15,,44343,41,,,1,15,,44342,41,,,1,54,,44341,63,,,1,16,,44340,63,,,1,18,,44339,63,,,1,21,,44405,63,,,1,57,,44406,63,,,1,17,,44407,63,,,1,15,,44408,63,,,1,57,,44410,63,,,1,15,,44411,63,,,1,16,,44412,63,,,1,17,,44409,63,,,1,56,,44414,63,,,1,17,,44415,63,,,1,16,,44416,63,,,1,17,,44413,63,,,1,56,,44417,63,,,1,17,,44418,63,,,1,16,,44419,63,,,1,14,,44420,63,,,1,57,,44421,63,,,1,16,,44422,63,,,1,15,,44423,63,,,1,57,,44424,63,,,1,14,,44425,63,,,1,18,,44426,63,,,1,16,,44427,63,,,1,55,,44428,63,,,1,16,,44429,63,,,1,16,,44430,63,,,1,19,,44431,63,,,1,56,,44432,63,,,1,18,,44433,63,,,1,17,,44434,63,,,1,55,,44435,63,,,1,5,,44438,63,,,1,12,,44436,63,,,1,13,,44437,63,,,1,20,,44439,63,,,1,60,,44440,63,,,1,20,,44441,63,,,1,18,,44442,63,,,1,59,,44445,63,,,1,8,,44446,63,,,1,12,,44443,63,,,1,72,,44447,63,,,1,18,,44444,63,,,1,18,,44350,63,,,1,16,,44348,63,,,1,56,,44353,63,,,1,28,,44355,63,,,1,17,,44354,63,,,1,47,,44349,63,,,1,25,,44352,63,,,1,10,,44351,63,,,1,8,,44334,63,,,1,57,,44335,63,,,1,22,,44332,63,,,1,16,,44328,63,,,1,15,,44329,63,,,1,57,,44338,63,,,1,30,,44327,63,,,1,60,,44333,63,,,1,14,,44326,63,,,1,30,,44337,63,,,1,63,,44324,63,,,1,20,,44330,63,,,1,80,,44336,63,,,1,29,,44322,63,,,1
2802,'Saturday',538,,48100,9,0,5,1,65,,48115,9,,,1,25,,48101,9,0,5,1,25,,48116,9,,,1,65,,48098,9,0,5,1,25,,48119,9,,,1,65,,48099,9,0,5,1,25,,48120,9,,,1,25,,48102,9,0,5,1,65,,48121,9,,,1,25,,48104,9,0,5,1,65,,48117,9,,,1,25,,48105,9,0,5,1,65,,48118,9,,,1,25,,48106,9,0,5,1,25,,48122,9,,,1,65,,48103,9,0,5,1,25,,48124,9,,,1,65,,48107,9,0,5,1,25,,48125,9,,,1,25,,48108,9,0,5,1,65,,48126,9,,,1,25,,48109,9,0,5,1,65,,48123,9,,,1,25,,48111,9,0,5,1,65,,48127,9,,,1,25,,48112,9,0,5,1,25,,48128,9,,,1,65,,48113,9,0,5,1,25,,48129,9,,,1,65,,48110,9,0,5,1,25,,48130,9,,,1,25,,48114,9,0,5,1
2802,'Sunday',538,,48145,9,0,5,1,65,,48135,9,,,1,25,,48132,9,0,5,1,25,,48141,9,,,1,65,,48137,9,0,5,1,25,,48131,9,,,1,65,,48144,9,0,5,1,25,,48134,9,,,1,25,,48133,9,0,5,1,65,,48139,9,,,1,25,,48138,9,0,5,1,65,,48136,9,,,1,25,,48143,9,0,5,1,65,,48140,9,,,1,25,,48147,9,0,5,1,25,,48142,9,,,1,65,,48148,9,0,5,1,25,,48146,9,,,1,65,,48150,9,0,5,1,25,,48149,9,,,1,25,,48151,9,0,5,1,65,,48152,9,,,1,25,,48153,9,0,5,1,65,,48155,9,,,1,25,,48154,9,0,5,1,65,,48156,9,,,1,25,,48157,9,0,5,1,25,,48158,9,,,1,65,,48159,9,0,5,1,25,,48160,9,,,1,65,,48161,9,0,5,1,25,,48162,9,,,1,25,,48163,9,0,5,1
2802,'Weekday',516,,48204,9,,,1,18,,48164,9,0,5,1,14,,48185,9,,,1,62,,48165,9,0,5,1,28,,48186,9,,,1,62,,48166,9,0,5,1,18,,48187,9,,,1,19,,48167,9,0,5,1,63,,48184,9,,,1,20,,48168,9,0,5,1,20,,48188,9,,,1,60,,48169,9,0,5,1,20,,48189,9,,,1,20,,48170,9,0,5,1,63,,48190,9,,,1,17,,48171,9,0,5,1,20,,48191,9,,,1,19,,48172,9,0,5,1,61,,48192,9,,,1,20,,48174,9,0,5,1,19,,48193,9,,,1,61,,48175,9,0,5,1,20,,48194,9,,,1,19,,48176,9,0,5,1,61,,48195,9,,,1,20,,48177,9,0,5,1,60,,48196,9,,,1,20,,48178,9,0,5,1,20,,48197,9,,,1,60,,48173,9,0,5,1,20,,48198,9,,,1,20,,48179,9,0,5,1,60,,48199,9,,,1,20,,48180,9,0,5,1,19,,48200,9,,,1,61,,48181,9,0,5,1,20,,48201,9,,,1,19,,48182,9,0,5,1,61,,48202,9,,,1,20,,48183,9,0,5,1,20,,48203,9,,,1
8103,'Saturday',601,,50812,2,,,1,45,,50811,2,,,1,85,,50810,2,,,1,85,,50813,2,,,1,85,,50814,2,,,1,45,,50815,2,,,1,85,,50816,2,,,1,85,,50817,2,,,1,85,,50818,2,,,1,45,,50819,2,,,1,85,,50821,2,,,1,85,,50822,2,,,1,85,,50823,2,,,1,45,,50820,2,,,1,85,,50824,2,,,1,85,,50825,2,,,1,85,,50826,2,,,1,45,,50827,2,,,1
8103,'Sunday',601,,50829,2,,,1,45,,50831,2,,,1,85,,50828,2,,,1,85,,50832,2,,,1,85,,50830,2,,,1,45,,50834,2,,,1,85,,50835,2,,,1,85,,50836,2,,,1,85,,50833,2,,,1,45,,50837,2,,,1,85,,50838,2,,,1,85,,50839,2,,,1,85,,50840,2,,,1,45,,50841,2,,,1,85,,50843,2,,,1,85,,50844,2,,,1,85,,50845,2,,,1,45,,50842,2,,,1
8103,'Weekday',601,,50846,2,,,1,45,,50847,2,,,1,85,,50848,2,,,1,85,,50851,2,,,1,85,,50860,2,,,1,45,,50861,2,,,1,85,,50862,2,,,1,85,,50863,2,,,1,85,,50864,2,,,1,45,,50865,2,,,1,85,,50859,2,,,1,85,,50858,2,,,1,85,,50850,2,,,1,45,,50849,2,,,1,85,,50854,2,,,1,85,,50855,2,,,1,85,,50852,2,,,1,45,,50853,2,,,1,85,,50856,2,,,1,85,,50857,2,,,1
