102,'Saturday',611,,42487,5,,,1,20,,42507,5,,,1,20,,42506,5,,,1,60,,42508,5,,,1,20,,42509,5,,,1,20,,42510,5,,,1,60,,42511,5,,,1,20,,42512,5,,,1,24,,42513,5,,,1,60,,42514,5,,,1,20,,42515,5,,,1,20,,42516,5,,,1,58,,42517,5,,,1,20,,42518,5,,,1,20,,42519,5,,,1,60,,42520,5,,,1,21,,42521,5,,,1,20,,42522,5,,,1,60,,42523,5,,,1,20,,42524,5,,,1,22,,42525,5,,,1,58,,42527,5,,,1,20,,42528,5,,,1,20,,42529,5,,,1,59,,42526,5,,,1,19,,42530,5,,,1,21,,42531,5,,,1,61,,42532,5,,,1,19,,42505,5,,,1,20,,42503,5,,,1,60,,42502,5,,,1,20,,42499,5,,,1,22,,42500,5,,,1,60,,42497,5,,,1,20,,42495,5,,,1,20,,42498,5,,,1,60,,42496,5,,,1,19,,42501,5,,,1,21,,42494,5,,,1,56,,42504,5,,,1,30,,42535,5,,,1,76,,42536,5,,,1,28,,42537,5,,,1,69,,42538,5,,,1,30,,42539,5,,,1,70,,42540,5,,,1,32,,42541,5,,,1,70,,42542,5,,,1,22,,42534,5,,,1,69,,42492,5,,,1,29,,42490,5,,,1,69,,42543,5,,,1,30,,42493,5,,,1,82,,42491,5,,,1
102,'Sunday',555,,42547,5,,,1,83,,42545,5,,,1,16,,42571,5,,,1,60,,42572,5,,,1,20,,42573,5,,,1,20,,42574,5,,,1,60,,42576,5,,,1,20,,42577,5,,,1,20,,42578,5,,,1,60,,42575,5,,,1,20,,42580,5,,,1,20,,42581,5,,,1,60,,42566,5,,,1,20,,42567,5,,,1,20,,42551,5,,,1,60,,42561,5,,,1,20,,42549,5,,,1,20,,42560,5,,,1,60,,42553,5,,,1,20,,42558,5,,,1,20,,42565,5,,,1,60,,42562,5,,,1,20,,42548,5,,,1,20,,42564,5,,,1,60,,42557,5,,,1,26,,42550,5,,,1,60,,42554,5,,,1,20,,42569,5,,,1,20,,42552,5,,,1,60,,42568,5,,,1,20,,42559,5,,,1,20,,42570,5,,,1,60,,42563,5,,,1,20,,42555,5,,,1,20,,42556,5,,,1,60,,42579,5,,,1,20,,42584,5,,,1,20,,42585,5,,,1,60,,42583,5,,,1,20,,42582,5,,,1,20,,42586,5,,,1,60,,42587,5,,,1,20,,42588,5,,,1,20,,42589,5,,,1,60,,42591,5,,,1,20,,42592,5,,,1,20,,42593,5,,,1,14,,42590,5,,,1,60,,42594,5,,,1,27,,42597,5,,,1,65,,42598,5,,,1,26,,42595,5,,,1,20,,42596,5,,,1,59,,42599,5,,,1,15,,42544,5,,,1,20,,42600,5,,,1,61,,42546,5,,,1
102,'Weekday',418,,42603,5,,,1,19,,42604,5,,,1,22,,42601,5,,,1,61,,42607,5,,,1,19,,42608,5,,,1,61,,42606,5,,,1,19,,42605,5,,,1,18,,42617,5,,,1,63,,42611,5,,,1,23,,42613,5,,,1,26,,42616,5,0,7,1,65,,42619,5,,,1,23,,42620,5,,,1,21,,42610,5,,,1,70,,42623,5,,,1,24,,42624,5,,,1,65,,42625,5,,,1,88,,42626,5,,,1,25,,42627,5,,,1,82,,42628,5,,,1,28,,42629,5,,,1,74,,42630,5,0,7,1,27,,42622,5,,,1,82,,42631,5,,,1,27,,42632,5,,,1,62,,42650,5,,,1,23,,42648,5,,,1,65,,42645,5,,,1,21,,42651,5,,,1,24,,42652,5,,,1,9,,42653,5,,,1,61,,42654,5,,,1,38,,42655,5,,,1,67,,42656,5,,,1,13,,42657,5,,,1,18,,42658,5,,,1,64,,42659,5,,,1,26,,42660,5,,,1,62,,42661,5,,,1,22,,42662,5,,,1,19,,42663,5,,,1,62,,42671,5,,,1,24,,42670,5,,,1,22,,42669,5,,,1,79,,42672,5,,,1,70,,42673,5,,,1,37,,42674,5,,,1,69,,42675,5,,,1,35,,42676,5,,,1,72,,42677,5,,,1,32,,42678,5,,,1
2302,'Saturday',519,,47420,5,,,1,30,,47422,5,,,1,70,,47442,5,,,1,32,,47441,5,,,1,78,,47445,5,,,1,71,,47444,5,,,1,25,,47448,5,,,1,26,,47449,5,,,1,64,,47446,5,,,1,28,,47447,5,,,1,68,,47450,5,,,1,28,,47453,5,,,1,69,,47454,5,,,1,27,,47451,5,,,1,68,,47452,5,,,1,28,,47443,5,,,1,28,,47432,5,,,1,68,,47435,5,,,1,28,,47436,5,,,1,68,,47437,5,,,1,28,,47434,5,,,1,68,,47433,5,,,1,28,,47439,5,,,1,70,,47440,5,,,1,30,,47438,5,,,1,68,,47424,5,,,1,28,,47425,5,,,1,69,,47421,5,,,1,32,,47431,5,,,1,73,,47423,5,,,1,32,,47427,5,,,1,72,,47429,5,,,1,29,,47426,5,,,1,69,,47428,5,,,1,30,,47430,5,,,1,70,,47458,5,,,1,30,,47457,5,,,1,70,,47456,5,,,1,30,,47455,5,,,1
2302,'Sunday',726,,47485,5,,,1,30,,47459,5,,,1,65,,47462,5,,,1,25,,47463,5,,,1,68,,47464,5,,,1,28,,47461,5,,,1,68,,47465,5,,,1,27,,47466,5,,,1,70,,47460,5,,,1,25,,47468,5,,,1,68,,47470,5,,,1,27,,47467,5,,,1,25,,47471,5,,,1,70,,47469,5,,,1,30,,47473,5,,,1,65,,47474,5,,,1,28,,47475,5,,,1,69,,47472,5,,,1,28,,47476,5,,,1,70,,47490,5,,,1,30,,47480,5,,,1,70,,47481,5,,,1,26,,47478,5,,,1,69,,47477,5,,,1,30,,47482,5,,,1,71,,47483,5,,,1,28,,47484,5,,,1,68,,47479,5,,,1,28,,47488,5,,,1,68,,47489,5,,,1,28,,47486,5,,,1,28,,47487,5,,,1
2302,'Weekday',434,,47491,5,,,1,15,,47501,5,,,1,57,,47502,5,,,1,14,,47500,5,,,1,15,,47504,5,,,1,15,,47506,5,,,1,55,,47507,5,,,1,15,,47508,5,,,1,15,,47505,5,,,1,15,,47509,5,,,1,55,,47503,5,,,1,15,,47510,5,,,1,15,,47511,5,,,1,19,,47512,5,,,1,56,,47513,5,,,1,17,,47498,5,,,1,18,,47494,5,,,1,69,,47496,5,,,1,29,,47514,5,,,1,71,,47515,5,,,1,31,,47516,5,,,1,68,,47517,5,,,1,30,,47518,5,,,1,71,,47519,5,,,1,32,,47520,5,,,1,69,,47521,5,,,1,29,,47497,5,,,1,61,,47545,5,,,1,19,,47542,5,,,1,19,,47544,5,,,1,14,,47541,5,,,1,55,,47543,5,,,1,17,,47540,5,,,1,18,,47522,5,,,1,55,,47523,5,,,1,15,,47524,5,,,1,15,,47525,5,,,1,15,,47526,5,,,1,55,,47527,5,,,1,15,,47528,5,,,1,15,,47529,5,,,1,15,,47530,5,,,1,55,,47531,5,,,1,15,,47492,5,,,1,17,,47499,5,,,1,13,,47495,5,,,1,55,,47493,5,,,1,34,,47533,5,,,1,74,,47534,5,,,1,32,,47535,5,,,1,71,,47532,5,,,1,38,,47536,5,,,1,74,,47537,5,,,1,34,,47538,5,,,1,74,,47539,5,,,1
3503,'Saturday',849,,49118,5,,,1,85,,49122,5,,,1,85,,49123,5,,,1,85,,49124,5,,,1,45,,49125,5,,,1,85,,49126,5,,,1,85,,49127,5,,,1,85,,49128,5,,,1,45,,49129,5,,,1,85,,49130,5,,,1,85,,49131,5,,,1,85,,49132,5,,,1,45,,49133,5,,,1,85,,49120,5,,,1,85,,49119,5,,,1,85,,49121,5,,,1
3503,'Sunday',759,,49134,5,,,1,85,,49135,5,,,1,85,,49136,5,,,1,85,,49137,5,,,1,45,,49138,5,,,1,85,,49139,5,,,1,85,,49140,5,,,1,85,,49141,5,,,1,45,,49142,5,,,1,85,,49143,5,,,1,85,,49144,5,,,1,85,,49145,5,,,1,45,,49146,5,,,1,85,,49147,5,,,1,85,,49148,5,,,1,85,,49149,5,,,1
3503,'Weekday',529,,49150,5,,,1,85,,49153,5,,,1,45,,49154,5,,,1,85,,49155,5,,,1,85,,49156,5,,,1,85,,49157,5,,,1,45,,49158,5,,,1,85,,49159,5,,,1,85,,49160,5,,,1,85,,49161,5,,,1,86,,49162,5,,,1,45,,49163,5,,,1,85,,49164,5,,,1,85,,49165,5,,,1,85,,49166,5,,,1,45,,49167,5,,,1,85,,49168,5,,,1,85,,49169,5,,,1,85,,49170,5,,,1,45,,49171,5,,,1,85,,49172,5,,,1,84,,49173,5,,,1,45,,49174,5,,,1,85,,49151,5,,,1,85,,49152,5,,,1
4103,'Weekday',521,,49233,2,,,1,95,,49240,2,,,1,95,,49238,2,,,1,95,,49241,2,,,1,95,,49237,2,,,1,55,,49242,2,,,1,480,,49235,2,,,1,95,,49243,2,,,1,95,,49236,2,,,1,95,,49244,2,,,1,100,,49234,2,,,1,95,,49239,2,,,1
5003,'Saturday',545,,49309,25,,,1,80,,49305,25,,,1,80,,49299,25,,,1,40,,49300,25,,,1,59,,49258,16,0,5,1,20,,49298,25,,,1,24,,49267,16,0,5,1,56,,49301,25,,,1,29,,49271,16,0,5,1,9,,49303,25,,,1,78,,49272,16,0,5,1,13,,49283,25,,,1,25,,49278,25,,,1,47,,49268,16,0,5,1,21,,49302,25,,,1,24,,49270,16,0,5,1,6,,49304,25,,,1,71,,49285,25,,,1,9,,49269,16,0,5,1,21,,49279,25,,,1,65,,49266,16,0,5,1,6,,49276,25,,,1,30,,49286,25,,,1,49,,49273,16,0,5,1,20,,49288,25,,,1,24,,49274,16,0,5,1,6,,49281,25,,,1,70,,49284,25,,,1,9,,49275,16,0,5,1,22,,49308,25,,,1,65,,49260,16,0,5,1,13,,49277,25,,,1,23,,49280,25,,,1,48,,49264,16,0,5,1,20,,49287,25,,,1,24,,49261,16,0,5,1,52,,49282,25,,,1,24,,49294,25,,,1,9,,49265,16,0,5,1,21,,49306,25,,,1,64,,49263,16,0,5,1,14,,49289,25,,,1,22,,49290,25,,,1,51,,49262,16,0,5,1,18,,49293,25,,,1,24,,49259,16,0,5,1,60,,49295,25,,,1,20,,49257,16,0,5,1,22,,49291,25,,,1,66,,49256,16,0,5,1,12,,49292,25,,,1,70,,49296,25,,,1,9,,49255,16,0,5,1,31,,49254,16,0,5,1,9,,49297,25,,,1,69,,49307,25,,,1
5003,'Sunday',732,,49361,1,,,1,68,,49352,25,,,1,25,,49350,25,,,1,14,,49315,16,0,5,1,16,,49359,25,,,1,59,,49321,16,0,5,1,11,,49333,25,,,1,30,,49356,25,,,1,54,,49318,16,0,5,1,17,,49336,25,,,1,17,,49323,16,0,5,1,59,,49334,25,,,1,24,,49332,25,,,1,14,,49325,16,0,5,1,19,,49335,25,,,1,60,,49319,16,0,5,1,17,,49354,25,,,1,21,,49341,25,,,1,53,,49320,16,0,5,1,18,,49343,25,,,1,23,,49324,16,0,5,1,57,,49331,25,,,1,19,,49355,25,,,1,13,,49326,16,0,5,1,17,,49344,25,,,1,64,,49313,16,0,5,1,11,,49337,25,,,1,26,,49342,25,,,1,52,,49317,16,0,5,1,18,,49358,25,,,1,20,,49311,16,0,5,1,58,,49340,25,,,1,21,,49348,25,,,1,13,,49310,16,0,5,1,17,,49357,25,,,1,63,,49312,16,0,5,1,12,,49347,25,,,1,24,,49339,25,,,1,54,,49316,16,0,5,1,17,,49346,25,,,1,28,,49314,16,0,5,1,60,,49338,25,,,1,25,,49322,16,0,5,1,17,,49345,25,,,1,66,,49330,16,0,5,1,13,,49349,25,,,1,70,,49351,25,,,1,10,,49329,16,0,5,1,28,,49353,25,,,1,15,,49328,16,0,5,1,68,,49360,25,,,1,11,,49327,16,0,5,1
5003,'Weekday',555,,49426,25,,,1,4,,49362,16,0,5,1,53,,49428,25,,,1,15,,49440,25,,,1,2,,49383,16,0,5,1,15,,49436,25,,,1,14,,49385,16,0,5,1,1,,49434,25,,,1,55,,49430,25,,,1,14,,49368,16,0,5,1,1,,49439,25,,,1,14,,49437,25,,,1,14,,49435,25,,,1,1,,49394,16,0,5,1,55,,49438,25,,,1,14,,49429,25,,,1,1,,49384,16,0,5,1,15,,49442,25,,,1,14,,49441,25,,,1,1,,49381,16,0,5,1,54,,49431,25,,,1,14,,49433,25,,,1,2,,49380,16,0,5,1,13,,49432,25,,,1,15,,49445,25,,,1,45,,49387,16,0,5,1,10,,49446,25,,,1,15,,49443,25,,,1,11,,49393,16,0,5,1,4,,49449,25,,,1,15,,49450,25,,,1,56,,49448,25,,,1,6,,49396,16,0,5,1,15,,49444,25,,,1,20,,49451,25,,,1,5,,49392,16,0,5,1,56,,49452,25,,,1,20,,49453,25,,,1,4,,49388,16,0,5,1,16,,49454,25,,,1,54,,49389,16,0,5,1,6,,49455,25,,,1,20,,49447,25,,,1,5,,49391,16,0,5,1,15,,49456,25,,,1,56,,49371,16,0,5,1,7,,49461,25,,,1,17,,49463,25,,,1,8,,49395,16,0,5,1,7,,49457,25,,,1,55,,49462,25,,,1,6,,49398,16,0,5,1,8,,49458,25,,,1,15,,49459,25,,,1,6,,49397,16,0,5,1,9,,49460,25,,,1,55,,49464,25,,,1,7,,49377,16,0,5,1,9,,49407,25,,,1,16,,49409,25,,,1,7,,49373,16,0,5,1,8,,49404,25,,,1,55,,49408,25,,,1,7,,49369,16,0,5,1,8,,49405,25,,,1,15,,49413,25,,,1,7,,49386,16,0,5,1,8,,49412,25,,,1,55,,49410,25,,,1,5,,49363,16,0,5,1,8,,49411,25,,,1,14,,49406,25,,,1,7,,49372,16,0,5,1,8,,49414,25,,,1,55,,49415,25,,,1,7,,49379,16,0,5,1,7,,49401,25,,,1,15,,49416,25,,,1,9,,49375,16,0,5,1,6,,49402,25,,,1,13,,49417,25,,,1,50,,49374,16,0,5,1,4,,49403,25,,,1,25,,49390,16,0,5,1,4,,49419,25,,,1,66,,49382,16,0,5,1,4,,49422,25,,,1,26,,49370,16,0,5,1,4,,49420,25,,,1,65,,49367,16,0,5,1,5,,49418,25,,,1,24,,49378,16,0,5,1,6,,49424,25,,,1,64,,49376,16,0,5,1,7,,49421,25,,,1,18,,49365,16,0,5,1,12,,49425,25,,,1,57,,49366,16,0,5,1,13,,49423,25,,,1,34,,49427,25,,,1
