102,'Saturday',632,,42487,23,,,1,20,,42507,23,,,1,60,,42506,23,,,1,20,,42508,23,,,1,20,,42509,23,,,1,60,,42510,23,,,1,20,,42511,23,,,1,20,,42512,23,,,1,64,,42513,23,,,1,20,,42514,23,,,1,20,,42515,23,,,1,61,,42516,23,,,1,19,,42517,23,,,1,20,,42518,23,,,1,60,,42519,23,,,1,20,,42520,23,,,1,21,,42521,23,,,1,60,,42522,23,,,1,20,,42523,23,,,1,20,,42524,23,,,1,62,,42525,23,,,1,18,,42527,23,,,1,20,,42528,23,,,1,60,,42529,23,,,1,19,,42526,23,,,1,19,,42530,23,,,1,63,,42531,23,,,1,21,,42532,23,,,1,19,,42505,23,,,1,59,,42503,23,,,1,20,,42502,23,,,1,20,,42499,23,,,1,61,,42500,23,,,1,20,,42497,23,,,1,20,,42495,23,,,1,60,,42498,23,,,1,20,,42496,23,,,1,19,,42501,23,,,1,60,,42494,23,,,1,16,,42504,23,,,1,70,,42535,23,,,1,35,,42536,23,,,1,68,,42537,23,,,1,26,,42538,23,,,1,70,,42539,23,,,1,30,,42540,23,,,1,72,,42541,23,,,1,30,,42542,23,,,1,22,,42534,23,,,1,69,,42492,23,,,1,29,,42490,23,,,1,68,,42543,23,,,1,30,,42493,23,,,1,82,,42491,23,,,1
102,'Sunday',615,,42547,23,,,1,43,,42545,23,,,1,56,,42571,23,,,1,20,,42572,23,,,1,20,,42573,23,,,1,60,,42574,23,,,1,20,,42576,23,,,1,20,,42577,23,,,1,60,,42578,23,,,1,20,,42575,23,,,1,20,,42580,23,,,1,60,,42581,23,,,1,20,,42566,23,,,1,20,,42567,23,,,1,60,,42551,23,,,1,20,,42561,23,,,1,20,,42549,23,,,1,61,,42560,23,,,1,20,,42553,23,,,1,20,,42558,23,,,1,61,,42565,23,,,1,20,,42562,23,,,1,20,,42548,23,,,1,60,,42564,23,,,1,20,,42557,23,,,1,66,,42550,23,,,1,20,,42554,23,,,1,20,,42569,23,,,1,60,,42552,23,,,1,20,,42568,23,,,1,20,,42559,23,,,1,60,,42570,23,,,1,21,,42563,23,,,1,20,,42555,23,,,1,60,,42556,23,,,1,20,,42579,23,,,1,20,,42584,23,,,1,60,,42585,23,,,1,19,,42583,23,,,1,20,,42582,23,,,1,60,,42586,23,,,1,19,,42587,23,,,1,20,,42588,23,,,1,60,,42589,23,,,1,20,,42591,23,,,1,20,,42592,23,,,1,60,,42593,23,,,1,13,,42590,23,,,1,20,,42594,23,,,1,67,,42597,23,,,1,25,,42598,23,,,1,26,,42595,23,,,1,59,,42596,23,,,1,17,,42599,23,,,1,15,,42544,23,,,1,60,,42600,23,,,1,21,,42546,23,,,1
102,'Weekday',441,,42603,23,,,1,59,,42604,23,,,1,22,,42601,23,,,1,21,,42607,23,,,1,60,,42608,23,,,1,21,,42606,23,,,1,19,,42605,23,,,1,58,,42617,23,,,1,14,,42614,12,0,5,1,9,,42611,23,,,1,13,,42621,12,0,5,1,10,,42613,23,,,1,10,,42612,12,0,5,1,55,,42616,23,0,7,1,13,,42615,12,0,5,1,13,,42619,23,,,1,10,,42609,12,0,5,1,53,,42620,23,,,1,12,,42618,12,0,5 7,1,11,,42610,23,,,1,14,,42633,12,0,5,1,16,,42623,23,,,1,50,,42634,12,0,5 7,1,13,,42624,23,,,1,13,,42635,12,0,5,1,12,,42625,23,,,1,68,,42636,12,0,5,1,20,,42626,23,,,1,18,,42637,12,0,5,1,7,,42627,23,,,1,65,,42638,12,0,5,1,17,,42628,23,,,1,16,,42639,12,0,5,1,52,,42629,23,,,1,24,,42640,12,0,5,1,10,,42630,23,0,7,1,61,,42641,12,0,5,1,6,,42622,23,,,1,24,,42642,12,0,5,1,18,,42631,23,,,1,62,,42643,12,0,5,1,7,,42632,23,,,1,16,,42664,12,0,5,1,8,,42650,23,,,1,7,,42665,12,0,5,1,56,,42648,23,,,1,14,,42666,12,0,5,1,12,,42645,23,,,1,21,,42651,23,,,1,54,,42667,12,0,5,1,9,,42652,23,,,1,9,,42653,23,,,1,9,,42668,12,0,5,1,12,,42654,23,,,1,9,,42646,12,0,5,1,55,,42644,12,0,5,1,14,,42655,23,,,1,13,,42649,12,0,5,1,14,,42656,23,,,1,53,,42657,23,,,1,9,,42647,12,0,5,1,8,,42658,23,,,1,24,,42659,23,,,1,65,,42660,23,,,1,20,,42661,23,,,1,22,,42662,23,,,1,58,,42663,23,,,1,20,,42671,23,,,1,24,,42670,23,,,1,62,,42669,23,,,1,39,,42672,23,,,1,70,,42673,23,,,1,77,,42674,23,,,1,28,,42675,23,,,1,75,,42676,23,,,1,32,,42677,23,,,1,72,,42678,23,,,1
1503,'Saturday',607,,46079,19,0,6,1,22,,46080,19,0,6,1,22,,46094,19,0,6,1,62,,46095,19,0,6,1,22,,46096,19,0,6,1,22,,46093,19,0,6,1,62,,46097,19,0,6,1,22,,46098,19,0,6,1,62,,46099,19,0,6,1,22,,46102,19,0,6,1,22,,46103,19,0,6,1,62,,46100,19,0,6,1,22,,46101,19,0,6,1,22,,46104,19,0,6,1,62,,46105,19,0,6,1,22,,46106,19,0,6,1,22,,46109,19,0,6,1,62,,46110,19,0,6,1,22,,46111,19,0,6,1,62,,46107,19,0,6,1,22,,46112,19,0,6,1,22,,46113,19,0,6,1,62,,46114,19,0,6,1,22,,46108,19,0,6,1,22,,46115,19,0,6,1,62,,46117,19,0,6,1,22,,46118,19,0,6,1,62,,46119,19,0,6,1,22,,46116,19,0,6,1,22,,46120,19,0,6,1,62,,46121,19,0,6,1,22,,46123,19,0,6,1,22,,46125,19,0,6,1,62,,46122,19,0,6,1,22,,46126,19,0,6,1,22,,46124,19,0,6,1,62,,46127,19,0,6,1,22,,46128,19,0,6,1,62,,46129,19,0,6,1,22,,46131,19,0,6,1,22,,46132,19,0,6,1,62,,46133,19,0,6,1,22,,46092,19,0,6,1,22,,46091,19,0,6,1,62,,46086,19,0,6,1,22,,46090,19,0,6,1,22,,46087,19,0,6,1,62,,46089,19,0,6,1,22,,46085,19,0,6,1,62,,46088,19,0,6,1,25,,46081,19,0,6,1,19,,46130,19,,,1,60,,46083,19,,,1,25,,46084,19,,,1
1503,'Sunday',727,,46166,19,0,6,1,80,,46136,19,0,6,1,30,,46137,19,0,6,1,70,,46134,19,0,6,1,30,,46138,19,0,6,1,70,,46135,19,0,6,1,30,,46139,19,0,6,1,70,,46140,19,0,6,1,30,,46144,19,0,6,1,70,,46141,19,0,6,1,30,,46145,19,0,6,1,70,,46142,19,0,6,1,30,,46148,19,0,6,1,70,,46143,19,0,6,1,30,,46149,19,0,6,1,70,,46146,19,0,6,1,30,,46147,19,0,6,1,70,,46150,19,0,6,1,30,,46151,19,0,6,1,70,,46153,19,0,6,1,30,,46154,19,0,6,1,70,,46155,19,0,6,1,30,,46152,19,0,6,1,70,,46156,19,0,6,1,30,,46157,19,0,6,1,70,,46158,19,0,6,1,30,,46159,19,0,6,1,70,,46161,19,0,6,1,30,,46162,19,0,6,1,70,,46163,19,0,6,1,30,,46160,19,0,6,1,70,,46164,19,0,6,1,30,,46165,19,0,6,1,70,,46169,19,0,6,1,30,,46168,19,0,6,1
1503,'Weekday',540,,46233,11,0,5,1,60,,46185,11,0,5,1,9,,46208,19,0,6,1,11,,46249,11,0,5,1,14,,46202,19,0,6,1,8,,46250,11,0,5,1,11,,46259,19,,,1,47,,46251,11,0,5,1,13,,46260,19,,,1,11,,46252,11,0,5,1,12,,46261,19,,,1,9,,46253,11,0,5,1,12,,46262,19,,,1,50,,46254,11,0,5,1,11,,46263,19,,,1,8,,46240,11,0,5,1,10,,46264,19,,,1,7,,46241,11,0,5,1,11,,46265,19,,,1,49,,46247,11,0,5,1,11,,46266,19,,,1,9,,46238,11,0,5,1,10,,46267,19,,,1,10,,46236,11,0,5,1,13,,46268,19,,,1,49,,46242,11,0,5,1,7,,46243,19,,,1,11,,46248,11,0,5,1,10,,46239,19,,,1,10,,46244,11,0,5,1,13,,46246,19,,,1,54,,46237,11,0,5,1,16,,46245,19,,,1,8,,46270,11,0,5,1,15,,46257,11,0,5,1,54,,46227,19,0,6,1,14,,46258,11,0,5,1,12,,46220,19,0,6,1,17,,46255,11,0,5,1,11,,46224,19,0,6,1,51,,46256,11,0,5,1,12,,46221,11,0,5,1,10,,46225,19,0,6,1,15,,46222,11,0,5,1,9,,46269,19,,,1,54,,46223,19,0,6,1,8,,46182,11,0,5,1,13,,46181,19,0,6,1,7,,46187,11,0,5,1,14,,46186,11,0,5,1,5,,46183,19,0,6,1,64,,46209,19,0,6,1,12,,46177,11,0,5,1,14,,46198,19,0,6,1,9,,46180,11,0,5,1,55,,46195,19,0,6,1,8,,46171,11,0,5,1,13,,46234,19,,,1,7,,46172,11,0,5,1,13,,46199,19,0,6,1,5,,46173,11,0,5,1,50,,46203,19,0,6,1,13,,46174,11,0,5,1,8,,46194,19,0,6,1,13,,46175,11,0,5,1,6,,46192,19,0,6,1,13,,46178,11,0,5,1,51,,46193,19,0,6,1,7,,46179,11,0,5,1,11,,46216,19,0,6,1,16,,46176,11,0,5,1,13,,46212,19,0,6,1,53,,46235,11,0,5,1,9,,46201,19,0,6,1,15,,46189,11,0,5,1,15,,46229,11,0,5,1,10,,46205,19,0,6,1,55,,46230,11,0,5,1,12,,46197,19,0,6,1,17,,46196,19,0,6,1,15,,46232,11,0,5,1,56,,46200,19,0,6,1,12,,46231,11,0,5,1,15,,46204,19,0,6,1,14,,46226,11,0,5,1,63,,46207,19,0,6,1,26,,46206,19,0,6,1,65,,46184,19,0,6,1,30,,46211,19,0,6,1,70,,46210,19,0,6,1,29,,46219,19,0,6,1,70,,46170,19,,,1,30,,46217,19,0,6,1,65,,46228,19,,,1,22,,46214,19,,,1
1504,'Saturday',625,,46275,25,,,1,22,,46273,25,,,1,62,,46280,25,,,1,22,,46281,25,,,1,22,,46279,25,,,1,62,,46284,25,,,1,22,,46286,25,,,1,22,,46282,25,,,1,62,,46285,25,,,1,22,,46283,25,,,1,62,,46287,25,,,1,22,,46288,25,,,1,22,,46289,25,,,1,62,,46290,25,,,1,22,,46292,25,,,1,22,,46293,25,,,1,62,,46294,25,,,1,22,,46291,25,,,1,62,,46295,25,,,1,22,,46296,25,,,1,22,,46298,25,,,1,62,,46299,25,,,1,22,,46300,25,,,1,22,,46297,25,,,1,62,,46302,25,,,1,22,,46303,25,,,1,22,,46305,25,,,1,62,,46307,25,,,1,22,,46308,25,,,1,62,,46304,25,,,1,22,,46301,25,,,1,22,,46306,25,,,1,62,,46310,25,,,1,22,,46311,25,,,1,22,,46309,25,,,1,62,,46312,25,,,1,22,,46314,25,,,1,22,,46315,25,,,1,62,,46316,25,,,1,22,,46313,25,,,1,62,,46317,25,,,1,22,,46318,25,,,1,22,,46320,25,,,1,62,,46322,25,,,1,22,,46319,25,,,1,22,,46323,25,,,1,62,,46321,25,,,1,22,,46324,25,,,1,62,,46325,25,,,1,22,,46326,25,,,1,26,,46274,25,,,1,61,,46278,25,,,1
1504,'Sunday',719,,46360,25,,,1,30,,46327,25,,,1,71,,46331,25,,,1,29,,46329,25,,,1,70,,46332,25,,,1,30,,46333,25,,,1,70,,46335,25,,,1,30,,46334,25,,,1,70,,46339,25,,,1,30,,46336,25,,,1,70,,46340,25,,,1,30,,46338,25,,,1,70,,46341,25,,,1,30,,46342,25,,,1,70,,46345,25,,,1,30,,46337,25,,,1,70,,46343,25,,,1,30,,46347,25,,,1,70,,46344,25,,,1,30,,46348,25,,,1,70,,46349,25,,,1,30,,46346,25,,,1,70,,46350,25,,,1,30,,46351,25,,,1,70,,46352,25,,,1,30,,46353,25,,,1,70,,46355,25,,,1,30,,46356,25,,,1,70,,46357,25,,,1,30,,46354,25,,,1,70,,46358,25,,,1,30,,46359,25,,,1,70,,46328,25,,,1,30,,46330,25,,,1,62,,46361,25,,,1,30,,46362,25,,,1
1504,'Weekday',506,,46363,26,0,5,1,10,,46399,25,,,1,13,,46375,26,0,5,1,18,,46401,25,,,1,9,,46381,26,0,5,1,49,,46410,25,,,1,15,,46396,25,,,1,9,,46411,26,0,5,1,10,,46409,25,,,1,11,,46438,26,0,5,1,9,,46448,25,,,1,52,,46439,26,0,5,1,8,,46449,25,,,1,13,,46440,26,0,5,1,9,,46450,25,,,1,11,,46441,26,0,5,1,49,,46451,25,,,1,6,,46442,26,0,5,1,10,,46452,25,,,1,9,,46443,26,0,5,1,11,,46453,25,,,1,10,,46444,26,0,5,1,12,,46454,25,,,1,49,,46445,26,0,5,1,12,,46455,25,,,1,12,,46446,26,0,5,1,8,,46456,25,,,1,11,,46447,26,0,5,1,49,,46457,25,,,1,11,,46435,26,0,5,1,9,,46433,25,,,1,11,,46437,26,0,5,1,7,,46415,25,,,1,13,,46434,26,0,5,1,55,,46422,25,,,1,10,,46436,26,0,5,1,16,,46413,25,,,1,12,,46423,26,0,5,1,14,,46417,25,,,1,53,,46424,26,0,5,1,15,,46460,26,0,5,1,11,,46412,25,,,1,11,,46421,26,0,5,1,53,,46416,25,,,1,13,,46425,26,0,5,1,15,,46418,25,,,1,15,,46420,26,0,5,1,15,,46458,26,0,5,1,48,,46419,25,,,1,11,,46378,26,0,5,1,10,,46385,25,,,1,13,,46364,26,0,5,1,13,,46384,25,,,1,55,,46373,26,0,5,1,9,,46377,25,,,1,10,,46376,26,0,5,1,9,,46379,25,,,1,11,,46368,26,0,5,1,11,,46461,25,,,1,48,,46400,25,,,1,7,,46370,26,0,5,1,12,,46382,25,,,1,9,,46371,26,0,5,1,11,,46395,25,,,1,10,,46372,26,0,5,1,53,,46367,26,0,5,1,8,,46391,25,,,1,11,,46393,25,,,1,9,,46366,26,0,5,1,12,,46402,25,,,1,8,,46365,26,0,5,1,47,,46397,25,,,1,11,,46369,26,0,5,1,8,,46383,25,,,1,10,,46374,26,0,5,1,10,,46392,25,,,1,11,,46427,26,0,5,1,52,,46403,25,,,1,10,,46431,26,0,5,1,15,,46386,25,,,1,9,,46428,26,0,5,1,13,,46387,25,,,1,62,,46388,25,,,1,14,,46429,26,0,5,1,14,,46430,26,0,5,1,12,,46394,25,,,1,55,,46432,26,0,5,1,16,,46389,25,,,1,24,,46390,25,,,1,66,,46398,25,,,1,30,,46404,25,,,1,68,,46405,25,,,1,29,,46407,25,,,1,69,,46380,25,,,1,30,,46406,25,,,1,69,,46426,25,,,1,29,,46408,25,,,1,85,,46414,25,,,1
2002,'Weekday',611,,47272,26,0,5,1,30,,47262,26,0,5,1,74,,47258,26,0,5,1,3,,47268,26,0,5,1,30,,47260,26,0,5,1,72,,47273,26,0,5,1,20,,47263,26,0,5,1,67,,47259,26,0,5,1,17,,47267,26,0,5,1,25,,47261,26,0,5,1,65,,47275,26,0,5,1,24,,47264,26,0,5,1,75,,47265,25,,,1,91,,47274,25,,,1,52,,47266,25,,,1,89,,47270,25,,,1,96,,47271,25,,,1,12,,47269,26,0,5,1,65,,47276,26,0,5,1,28,,47277,26,0,5,1,68,,47278,26,0,5,1,28,,47279,26,0,5,1,59,,47280,26,0,5,1,28,,47281,26,0,5,1,23,,47284,26,0,5,1,71,,47282,26,0,5,1,24,,47283,26,0,5,1,57,,47285,26,0,5,1,28,,47286,26,0,5,1,21,,47287,26,0,5,1,303,,47288,25,,,1,77,,47289,25,,,1
