101,'Weekday',1304,,42433,22,0,7,1,112,,42448,17,0,5 7,1,88,,42437,22,0,7,1
102,'Weekday',853,,42616,56,0,7,1,104,,42618,45,0,5 7,1,91,,42634,45,0,5 7,1,378,,42630,56,0,7,1
300,'Saturday',729,,42934,12,0,5 7,1,91,,42961,12,0,5 7,1,90,,42962,12,0,5 7,1,90,41,42963,12,0,5 7,1,46,,42964,12,0,5 7,1,91,,42965,12,0,5 7,1,89,,42967,12,0,5 7,1,90,,42968,12,0,5 7,1,90,,42970,12,0,5 7,1,50,,42966,12,0,5 7,1,91,,42971,12,0,5 7,1,90,,42972,12,0,5 7,1,90,,42969,12,0,5 7,1,90,,42973,12,0,5 7,1,90,,42974,12,0,5 7,1
300,'Sunday',714,,42979,12,0,5 7,1,91,,42983,12,0,5 7,1,46,,42986,12,0,5 7,1,90,,42987,12,0,5 7,1,89,,42985,12,0,5 7,1,90,,42988,12,0,5 7,1,89,,42989,12,0,5 7,1,50,,42990,12,0,5 7,1,90,,42991,12,0,5 7,1,90,,42992,12,0,5 7,1,86,,42993,12,0,5 7,1,90,,42995,12,0,5 7,1,90,,42996,12,0,5 7,1,50,,42997,12,0,5 7,1,90,,42994,12,0,5 7,1,89,,42998,12,0,5 7,1
300,'Weekday',727,,43029,12,0,5 7,1,26,,43041,12,0,5 7,1,55,,43038,12,0,5 7,1,29,,43040,12,0,5 7,1,67,,43039,12,0,5 7,1,14,,43030,12,0,5 7,1,31,,43031,12,0,5 7,1,72,,43032,12,0,5 7,1,33,,43081,12,0,5 7,1,71,,43080,12,0,5 7,1,93,,43087,12,0,5 7,1,31,,43082,12,0,5 7,1,70,,43072,12,0,5 7,1,28,,43071,12,0,5 7,1,70,,43069,12,0,5 7,1,28,,43070,12,0,5 7,1,73,,43078,12,0,5 7,1,39,,43077,12,0,5 7,1,69,,43052,12,0,5 7,1,31,,43053,12,0,5 7,1,70,,43050,12,0,5 7,1,32,,43054,12,0,5 7,1,69,,43056,12,0,5 7,1,83,,43057,12,0,5 7,1,30,,43055,12,0,5 7,1,74,,43058,12,0,5 7,1,85,41,43060,12,0,5 7,1
301,'Saturday',829,,43091,28,0,5 7,1,90,,43117,28,0,5 7,1,90,,43118,28,0,5 7,1,49,,43119,28,0,5 7,1,90,,43120,28,0,5 7,1,92,,43122,28,0,5 7,1,90,,43123,28,0,5 7,1,91,,43121,28,0,5 7,1,90,,43125,28,0,5 7,1,90,,43126,28,0,5 7,1,50,,43127,28,0,5 7,1,88,,43124,28,0,5 7,1,89,,43128,28,0,5 7,1,90,,43129,28,0,5 7,1
301,'Sunday',736,,43159,28,0,5 7,1,96,,43136,28,0,5 7,1,96,,43145,28,0,5 7,1,90,,43141,28,0,5 7,1,90,,43148,28,0,5 7,1,50,,43150,28,0,5 7,1,89,,43140,28,0,5 7,1,85,,43143,28,0,5 7,1,90,,43153,28,0,5 7,1,90,,43146,28,0,5 7,1,91,,43142,28,0,5 7,1,50,,43137,28,0,5 7,1,89,,43154,28,0,5 7,1,90,,43155,28,0,5 7,1,90,,43157,28,0,5 7,1,90,,43147,28,0,5 7,1
301,'Weekday',754,,43185,28,0,5 7,1,54,,43188,28,0,5 7,1,27,,43189,28,0,5 7,1,72,,43193,28,0,5 7,1,35,,43190,28,0,5 7,1,71,,43194,28,0,5 7,1,30,,43238,28,0,5 7,1,72,,43243,28,0,5 7,1,34,,43237,28,0,5 7,1,70,,43239,28,0,5 7,1,30,,43235,28,0,5 7,1,67,,43241,28,0,5 7,1,29,,43197,28,0,5 7,1,69,,43228,28,0,5 7,1,29,,43227,28,0,5 7,1,71,,43226,28,0,5 7,1,29,,43231,28,0,5 7,1,72,,43200,28,0,5 7,1,28,,43201,28,0,5 7,1,70,,43198,28,0,5 7,1,30,,43199,28,0,5 7,1,85,,43202,28,0,5 7,1,30,,43203,28,0,5 7,1,69,,43204,28,0,5 7,1,30,,43205,28,0,5 7,1,70,,43206,28,0,5 7,1,99,,43219,28,0,5 7,1
5703,'Saturday',544,,50427,36,,,1,70,,50435,36,,,1,30,,50426,36,,,1,70,,50436,36,,,1,30,,50420,36,,,1,70,,50434,36,,,1,30,,50432,36,,,1,71,,50437,36,,,1,29,,50433,36,,,1,71,,50439,36,,,1,29,,50428,36,,,1,71,,50441,36,,,1,29,,50429,36,,,1,71,,50442,36,,,1,29,,50430,36,,,1,71,,50438,36,,,1,29,,50425,36,,,1,70,,50443,36,,,1,30,,50421,36,,,1,71,,50444,36,,,1,29,,50424,36,,,1,71,,50445,36,,,1,29,,50423,36,,,1,72,,50446,36,,,1,28,,50422,36,,,1,72,,50440,36,,,1,28,,50431,36,,,1,71,,50447,36,,,1
5703,'Sunday',915,,50448,36,,,1,30,,50449,36,,,1,70,,50451,36,,,1,30,,50450,36,,,1,70,,50453,36,,,1,30,,50452,36,,,1,70,,50455,36,,,1,30,,50454,36,,,1,74,,50457,36,,,1,26,,50456,36,,,1,72,,50458,36,,,1,28,,50459,36,,,1,73,,50460,36,,,1,27,,50462,36,,,1,73,,50463,36,,,1,28,,50461,36,,,1,73,,50466,36,,,1,27,,50464,36,,,1,73,,50467,36,,,1,26,,50465,36,,,1,73,,50468,36,,,1
5703,'Weekday',521,,50470,36,,,1,30,,50472,36,,,1,62,,50469,36,,,1,25,,50473,36,,,1,66,,50471,36,,,1,26,,50475,36,,,1,23,,50476,36,,,1,68,,50478,36,,,1,23,,50479,36,,,1,74,,50474,36,,,1,26,,50477,36,,,1,64,,50480,36,,,1,30,,50481,36,,,1,65,,50482,36,,,1,26,,50483,36,,,1,74,,50484,36,,,1,30,,50485,36,,,1,70,,50486,36,,,1,30,,50489,36,,,1,71,,50487,36,,,1,33,,50490,36,,,1,66,,50491,36,,,1,25,,50488,36,,,1,18,,50492,36,,,1,75,,50493,36,,,1,19,,50494,36,,,1,66,,50495,36,,,1,25,,50498,36,,,1,18,,50499,36,,,1,67,,50496,36,,,1,26,,50497,36,,,1,71,,50501,36,,,1,29,,50502,36,,,1,66,,50503,36,,,1,29,,50500,36,,,1,70,,50504,36,,,1,30,,50505,36,,,1,70,,50507,36,,,1,28,,50508,36,,,1,71,,50509,36,,,1,22,,50506,36,,,1,74,,50510,36,,,1,17,,50511,36,,,1,22,,50512,36,,,1
