2302,'Saturday',622,,47420,94,,,1,30,,47422,94,,,1,70,,47442,94,,,1,32,,47441,94,,,1,80,,47445,94,,,1,72,,47444,94,,,1,26,,47448,94,,,1,68,,47449,94,,,1,24,,47446,94,,,1,28,,47447,94,,,1,69,,47450,94,,,1,28,,47453,94,,,1,68,,47454,94,,,1,27,,47451,94,,,1,71,,47452,94,,,1,28,,47443,94,,,1,68,,47432,94,,,1,29,,47435,94,,,1,66,,47436,94,,,1,28,,47437,94,,,1,70,,47434,94,,,1,30,,47433,94,,,1,70,,47439,94,,,1,30,,47440,94,,,1,68,,47438,94,,,1,29,,47424,94,,,1,27,,47425,94,,,1,67,,47421,94,,,1,30,,47431,94,,,1,72,,47423,94,,,1,30,,47427,94,,,1,69,,47429,94,,,1,29,,47426,94,,,1,68,,47428,94,,,1,29,,47430,94,,,1,70,,47458,94,,,1,30,,47457,94,,,1,70,,47456,94,,,1,30,,47455,94,,,1
2302,'Sunday',836,,47485,94,,,1,69,,47459,94,,,1,26,,47462,94,,,1,25,,47463,94,,,1,69,,47464,94,,,1,28,,47461,94,,,1,68,,47465,94,,,1,28,,47466,94,,,1,71,,47460,94,,,1,25,,47468,94,,,1,71,,47470,94,,,1,28,,47467,94,,,1,66,,47471,94,,,1,28,,47469,94,,,1,71,,47473,94,,,1,29,,47474,94,,,1,68,,47475,94,,,1,29,,47472,94,,,1,68,,47476,94,,,1,30,,47490,94,,,1,70,,47480,94,,,1,31,,47481,94,,,1,66,,47478,94,,,1,27,,47477,94,,,1,28,,47482,94,,,1,69,,47483,94,,,1,25,,47484,94,,,1,67,,47479,94,,,1,25,,47488,94,,,1,67,,47489,94,,,1,28,,47486,94,,,1,67,,47487,94,,,1
2302,'Weekday',545,,47491,94,,,1,56,,47501,94,,,1,17,,47502,94,,,1,13,,47500,94,,,1,16,,47504,94,,,1,56,,47506,94,,,1,15,,47507,94,,,1,15,,47508,94,,,1,15,,47505,94,,,1,56,,47509,94,,,1,15,,47503,94,,,1,15,,47510,94,,,1,16,,47511,94,,,1,60,,47512,94,,,1,17,,47513,94,,,1,17,,47498,94,,,1,59,,47494,94,,,1,24,,47496,94,,,1,29,,47514,94,,,1,72,,47515,94,,,1,31,,47516,94,,,1,70,,47517,94,,,1,30,,47518,94,,,1,70,,47519,94,,,1,72,,47520,94,,,1,31,,47521,94,,,1,70,,47497,94,,,1,23,,47545,94,,,1,20,,47542,94,,,1,61,,47544,94,,,1,14,,47541,94,,,1,16,,47543,94,,,1,17,,47540,94,,,1,57,,47522,94,,,1,15,,47523,94,,,1,15,,47524,94,,,1,13,,47525,94,,,1,55,,47526,94,,,1,15,,47527,94,,,1,15,,47528,94,,,1,15,,47529,94,,,1,55,,47530,94,,,1,14,,47531,94,,,1,14,,47492,94,,,1,15,,47499,94,,,1,53,,47495,94,,,1,15,,47493,94,,,1,34,,47533,94,,,1,73,,47534,94,,,1,33,,47535,94,,,1,67,,47532,94,,,1,75,,47536,94,,,1,33,,47537,94,,,1,74,,47538,94,,,1,34,,47539,94,,,1
2604,'Saturday',726,,47804,22,,,1,30,,47805,22,,,1,70,,47809,22,,,1,30,,47811,22,,,1,70,,47808,22,,,1,30,,47813,22,,,1,70,,47810,22,,,1,30,,47814,22,,,1,70,,47815,22,,,1,30,,47812,22,,,1,70,,47816,22,,,1,30,,47817,22,,,1,71,,47818,22,,,1,30,,47819,22,,,1,70,,47833,22,,,1,30,,47821,22,,,1,70,,47822,22,,,1,30,,47823,22,,,1,70,,47820,22,,,1,30,,47824,22,,,1,70,,47825,22,,,1,30,,47826,22,,,1,69,,47827,22,,,1,30,,47828,22,,,1,69,,47829,22,,,1,30,,47830,22,,,1,70,,47831,22,,,1,30,,47832,22,,,1,70,,47806,22,,,1,30,,47807,22,,,1
2604,'Sunday',726,,47834,22,,,1,100,,47837,22,,,1,100,,47839,22,,,1,100,,47835,22,,,1,100,,47836,22,,,1,100,,47840,22,,,1,101,,47838,22,,,1,100,,47842,22,,,1,100,,47843,22,,,1,100,,47841,22,,,1,100,,47844,22,,,1,99,,47845,22,,,1,99,,47846,22,,,1,100,,47847,22,,,1
2604,'Weekday',507,,47848,22,,,1,22,,47849,22,,,1,22,,47850,22,,,1,58,,47852,22,,,1,19,,47854,22,,,1,29,,47855,22,,,1,62,,47851,22,,,1,20,,47856,22,,,1,17,,47853,22,,,1,71,,47857,22,,,1,21,,47858,22,,,1,63,,47859,22,,,1,22,,47860,22,,,1,22,,47862,22,,,1,60,,47863,22,,,1,21,,47864,22,,,1,22,,47861,22,,,1,62,,47865,22,,,1,22,,47866,22,,,1,62,,47867,22,,,1,22,,47868,22,,,1,22,,47869,22,,,1,62,,47870,22,,,1,22,,47871,22,,,1,22,,47872,22,,,1,62,,47873,22,,,1,22,,47874,22,,,1,62,,47875,22,,,1,25,,47876,22,,,1,22,,47877,22,,,1,62,,47878,22,,,1,22,,47879,22,,,1,22,,47880,22,,,1,65,,47881,22,,,1,19,,47882,22,,,1,22,,47883,22,,,1,65,,47884,22,,,1,18,,47885,22,,,1,61,,47887,22,,,1,22,,47889,22,,,1,28,,47890,22,,,1,58,,47886,22,,,1,20,,47891,22,,,1,22,,47888,22,,,1,62,,47892,22,,,1,22,,47893,22,,,1,22,,47894,22,,,1,62,,47895,22,,,1,22,,47897,22,,,1,62,,47898,22,,,1,21,,47899,22,,,1,22,,47896,22,,,1,62,,47900,22,,,1,22,,47901,22,,,1,22,,47902,22,,,1
2704,'Saturday',821,,47948,14,,,1,35,,47949,14,,,1,75,,47950,14,,,1,75,,47951,14,,,1,35,,47953,14,,,1,75,,47947,14,,,1,35,,47952,14,,,1,75,,47954,14,,,1,75,,47956,14,,,1,35,,47957,14,,,1,75,,47958,14,,,1,35,,47959,14,,,1,75,,47960,14,,,1,35,,47961,14,,,1,75,,47955,14,,,1,75,,47962,14,,,1,35,,47963,14,,,1,75,,47964,14,,,1
2704,'Weekday',606,,47967,14,,,1,35,,47966,14,,,1,75,,47968,14,,,1,36,,47965,14,,,1,74,,47969,14,,,1,32,,47970,14,,,1,69,,47971,14,,,1,77,,47973,14,,,1,35,,47974,14,,,1,73,,47975,14,,,1,33,,47972,14,,,1,73,,47976,14,,,1,33,,47977,14,,,1,75,,47979,14,,,1,33,,47980,14,,,1,73,,47981,14,,,1,73,,47978,14,,,1,35,,47982,14,,,1,82,,47984,14,,,1,79,,47987,14,,,1,39,,47988,14,,,1,75,,47985,14,,,1,34,,47990,14,,,1,77,,47986,14,,,1,80,,47989,14,,,1,34,,47983,14,,,1
2802,'Saturday',557,,48100,36,0,5,1,65,,48115,32,,,1,25,,48101,36,0,5,1,65,,48116,32,,,1,25,,48098,36,0,5,1,65,,48119,32,,,1,25,,48099,36,0,5,1,25,,48120,32,,,1,65,,48102,36,0,5,1,25,,48121,32,,,1,65,,48104,36,0,5,1,25,,48117,32,,,1,25,,48105,36,0,5,1,65,,48118,32,,,1,25,,48106,36,0,5,1,65,,48122,32,,,1,25,,48103,36,0,5,1,65,,48124,32,,,1,25,,48107,36,0,5,1,25,,48125,32,,,1,65,,48108,36,0,5,1,25,,48126,32,,,1,65,,48109,36,0,5,1,25,,48123,32,,,1,25,,48111,36,0,5,1,65,,48127,32,,,1,25,,48112,36,0,5,1,65,,48128,32,,,1,25,,48113,36,0,5,1,65,,48129,32,,,1,25,,48110,36,0,5,1,25,,48130,32,,,1,65,,48114,36,0,5,1
2802,'Sunday',557,,48145,36,0,5,1,65,,48135,32,,,1,25,,48132,36,0,5,1,65,,48141,32,,,1,25,,48137,36,0,5,1,65,,48131,32,,,1,25,,48144,36,0,5,1,25,,48134,32,,,1,65,,48133,36,0,5,1,25,,48139,32,,,1,65,,48138,36,0,5,1,25,,48136,32,,,1,25,,48143,36,0,5,1,65,,48140,32,,,1,25,,48147,36,0,5,1,65,,48142,32,,,1,25,,48148,36,0,5,1,65,,48146,32,,,1,25,,48150,36,0,5,1,25,,48149,32,,,1,65,,48151,36,0,5,1,25,,48152,32,,,1,65,,48153,36,0,5,1,25,,48155,32,,,1,25,,48154,36,0,5,1,65,,48156,32,,,1,25,,48157,36,0,5,1,65,,48158,32,,,1,25,,48159,36,0,5,1,65,,48160,32,,,1,25,,48161,36,0,5,1,25,,48162,32,,,1,65,,48163,36,0,5,1
2802,'Weekday',535,,48204,32,,,1,18,,48164,36,0,5,1,54,,48185,32,,,1,22,,48165,36,0,5,1,28,,48186,32,,,1,62,,48166,36,0,5,1,18,,48187,32,,,1,19,,48167,36,0,5,1,63,,48184,32,,,1,20,,48168,36,0,5,1,20,,48188,32,,,1,60,,48169,36,0,5,1,20,,48189,32,,,1,20,,48170,36,0,5,1,63,,48190,32,,,1,17,,48171,36,0,5,1,20,,48191,32,,,1,59,,48172,36,0,5,1,21,,48192,32,,,1,20,,48174,36,0,5,1,59,,48193,32,,,1,21,,48175,36,0,5,1,20,,48194,32,,,1,59,,48176,36,0,5,1,21,,48195,32,,,1,20,,48177,36,0,5,1,60,,48196,32,,,1,20,,48178,36,0,5,1,20,,48197,32,,,1,60,,48173,36,0,5,1,20,,48198,32,,,1,20,,48179,36,0,5,1,60,,48199,32,,,1,20,,48180,36,0,5,1,19,,48200,32,,,1,61,,48181,36,0,5,1,20,,48201,32,,,1,66,,48182,36,0,5,1,14,,48202,32,,,1,20,,48183,36,0,5,1,20,,48203,32,,,1
