204,'Saturday',625,,42807,26,,,1,27,,42845,26,,,1,75,,42839,26,,,1,29,,42842,26,,,1,72,,42844,26,,,1,30,,42843,26,,,1,71,,42841,26,,,1,30,,42840,26,,,1,70,,42835,26,,,1,30,,42838,26,,,1,71,,42837,26,,,1,70,,42846,26,,,1,31,,42836,26,,,1,70,,42834,26,,,1,31,,42830,26,,,1,70,,42829,26,,,1,30,,42833,26,,,1,70,,42832,26,,,1,30,,42831,26,,,1,70,,42828,26,,,1,30,,42827,26,,,1,71,,42823,26,,,1,29,,42826,26,,,1,70,,42821,26,,,1,28,,42825,26,,,1,70,,42824,26,,,1,28,,42822,26,,,1,30,,42820,26,,,1,68,,42818,26,,,1,30,,42817,26,,,1,70,,42816,26,,,1,30,,42819,26,,,1,69,,42812,26,,,1,30,,42813,26,,,1,70,,42815,26,,,1,30,,42814,26,,,1,70,,42810,26,,,1,30,,42811,26,,,1
204,'Sunday',718,,42847,26,,,1,33,,42850,26,,,1,73,,42852,26,,,1,33,,42849,26,,,1,74,,42853,26,,,1,73,,42851,26,,,1,33,,42854,26,,,1,73,,42855,26,,,1,33,,42856,26,,,1,74,,42857,26,,,1,33,,42859,26,,,1,73,,42860,26,,,1,33,,42861,26,,,1,73,,42858,26,,,1,73,,42863,26,,,1,33,,42864,26,,,1,73,,42865,26,,,1,33,,42862,26,,,1,73,,42877,26,,,1,33,,42874,26,,,1,72,,42873,26,,,1,33,,42872,26,,,1,72,,42876,26,,,1,33,,42875,26,,,1,72,,42870,26,,,1,72,,42869,26,,,1,33,,42871,26,,,1,73,,42866,26,,,1,32,,42868,26,,,1,73,,42867,26,,,1,33,,42848,26,,,1
204,'Weekday',456,,42932,26,,,1,62,,42931,26,,,1,22,,42930,26,,,1,16,,42928,26,,,1,70,,42927,26,,,1,22,,42926,26,,,1,59,,42922,26,,,1,22,,42933,26,,,1,19,,42925,26,,,1,66,,42920,26,,,1,28,,42924,26,,,1,60,,42929,26,,,1,21,,42923,26,,,1,22,,42918,26,,,1,62,,42921,26,,,1,25,,42919,26,,,1,21,,42917,26,,,1,60,,42916,26,,,1,18,,42915,26,,,1,27,,42914,26,,,1,64,,42911,26,,,1,22,,42910,26,,,1,56,,42913,26,,,1,16,,42912,26,,,1,29,,42909,26,,,1,67,,42908,26,,,1,20,,42907,26,,,1,15,,42906,26,,,1,59,,42905,26,,,1,28,,42904,26,,,1,24,,42900,26,,,1,64,,42899,26,,,1,17,,42903,26,,,1,64,,42902,26,,,1,27,,42901,26,,,1,25,,42898,26,,,1,63,,42894,26,,,1,21,,42897,26,,,1,64,,42896,26,,,1,25,,42895,26,,,1,26,,42893,26,,,1,60,,42892,26,,,1,20,,42891,26,,,1,22,,42890,26,,,1,58,,42889,26,,,1,19,,42885,26,,,1,23,,42888,26,,,1,60,,42887,26,,,1,22,,42886,26,,,1,74,,42884,26,,,1,31,,42883,26,,,1,70,,42882,26,,,1,28,,42881,26,,,1
2404,'Saturday',832,,47606,41,,,1,85,,47608,41,,,1,85,,47612,41,,,1,45,,47607,41,,,1,85,,47609,41,,,1,85,,47610,41,,,1,85,,47613,41,,,1,45,,47614,41,,,1,85,,47615,41,,,1,85,,47616,41,,,1,85,,47611,41,,,1,45,,47617,41,,,1,85,,47618,41,,,1,85,,47619,41,,,1,85,,47620,41,,,1
2404,'Sunday',832,,47622,41,,,1,85,,47621,41,,,1,85,,47623,41,,,1,45,,47624,41,,,1,85,,47625,41,,,1,85,,47627,41,,,1,85,,47628,41,,,1,45,,47626,41,,,1,85,,47631,41,,,1,85,,47632,41,,,1,85,,47629,41,,,1,45,,47630,41,,,1,85,,47634,41,,,1,85,,47635,41,,,1,85,,47633,41,,,1
2404,'Weekday',543,,47638,41,,,1,57,,47637,41,,,1,34,,47641,41,,,1,77,,47650,41,,,1,36,,47651,41,,,1,75,,47652,41,,,1,36,,47648,41,,,1,76,,47649,41,,,1,75,,47657,41,,,1,37,,47636,41,,,1,74,,47639,41,,,1,35,,47655,41,,,1,77,,47653,41,,,1,77,,47654,41,,,1,37,,47656,41,,,1,77,,47640,41,,,1,33,,47643,41,,,1,77,,47658,41,,,1,76,,47659,41,,,1,34,,47660,41,,,1,75,,47661,41,,,1,36,,47662,41,,,1,75,,47663,41,,,1,75,,47664,41,,,1,38,,47645,41,,,1,72,,47642,41,,,1,32,,47644,41,,,1,76,,47647,41,,,1,35,,47646,41,,,1
2504,'Weekday',626,,47684,37,,,1,30,,47686,37,,,1,77,,47692,37,,,1,77,,47691,37,,,1,38,,47689,37,,,1,73,,47690,37,,,1,35,,47694,37,,,1,76,,47693,37,,,1,483,,47685,37,,,1,36,,47695,37,,,1,76,,47696,37,,,1,77,,47697,37,,,1,36,,47698,37,,,1,77,,47699,37,,,1,36,,47700,37,,,1,74,,47701,37,,,1,76,,47688,37,,,1,34,,47687,37,,,1
50204,'Saturday',653,,52024,5,,,1,52,,52004,5,,,1,12,,52001,5,,,1,12,,51989,5,,,1,12,,51990,5,,,1,12,,51983,5,,,1,52,,51980,5,,,1,12,,51978,5,,,1,12,,52057,5,,,1,12,,52054,5,,,1,14,,52053,6,,,1,52,,52055,6,,,1,13,,52051,6,,,1,12,,52044,6,,,1,12,,52040,6,,,1,12,,52039,6,,,1,53,,52052,6,,,1,12,,52038,6,,,1,12,,52041,6,,,1,12,,52047,6,,,1,12,,52045,6,,,1,52,,52043,6,,,1,12,,52050,6,,,1,12,,52049,6,,,1,12,,52042,6,,,1,12,,52046,6,,,1,53,,52056,6,,,1,13,,52048,6,,,1,12,,51987,6,,,1,14,,51979,6,,,1,51,,52058,6,,,1,10,,52016,6,,,1,13,,52005,6,,,1,10,,52036,6,,,1,9,,52003,6,,,1,11,,51993,6,,,1,50,,52037,6,,,1,10,,51996,6,,,1,11,,51985,6,,,1,10,,51986,6,,,1,8,,51988,6,,,1,10,,51981,6,,,1,50,,52015,6,,,1,13,,51984,6,,,1,10,,52002,6,,,1,10,,51982,6,,,1,10,,52008,6,,,1,10,,51992,6,,,1,50,,51991,6,,,1,10,,51994,6,,,1,10,,52035,6,,,1,10,,51995,6,,,1,10,,52000,6,,,1,10,,51999,6,,,1,49,,51998,6,,,1,11,,52022,6,,,1,12,,51997,6,,,1,12,,52006,6,,,1,10,,52012,6,,,1,52,,52013,6,,,1,11,,52011,6,,,1,13,,52009,6,,,1,15,,52010,6,,,1,15,,52007,6,,,1,55,,52014,6,,,1,15,,52023,6,,,1,15,,52017,6,,,1,15,,52021,6,,,1,55,,52019,6,,,1,16,,52020,6,,,1,14,,52018,6,,,1,15,,52026,6,,,1,55,,52027,6,,,1,15,,52028,6,,,1,15,,52029,6,,,1,15,,52031,6,,,1,55,,52030,6,,,1,15,,52025,6,,,1,15,,52034,6,,,1,15,,52032,6,,,1,54,,52033,6,,,1
50204,'Sunday',749,,52114,5,,,1,60,,52073,5,,,1,20,,52072,5,,,1,20,,52068,5,,,1,60,,52069,5,,,1,20,,52070,5,,,1,19,,52071,6,,,1,61,,52074,6,,,1,19,,52075,6,,,1,22,,52060,6,,,1,60,,52059,6,,,1,15,,52081,6,,,1,15,,52078,6,,,1,15,,52082,6,,,1,57,,52083,6,,,1,17,,52086,6,,,1,17,,52085,6,,,1,55,,52084,6,,,1,15,,52087,6,,,1,15,,52077,6,,,1,15,,52080,6,,,1,13,,52076,6,,,1,53,,52079,6,,,1,12,,52113,6,,,1,12,,52110,6,,,1,12,,52109,6,,,1,52,,52108,6,,,1,12,,52107,6,,,1,12,,52112,6,,,1,12,,52106,6,,,1,12,,52105,6,,,1,52,,52102,6,,,1,12,,52101,6,,,1,12,,52111,6,,,1,12,,52104,6,,,1,12,,52103,6,,,1,52,,52100,6,,,1,12,,52099,6,,,1,12,,52098,6,,,1,12,,52094,6,,,1,12,,52097,6,,,1,52,,52096,6,,,1,11,,52095,6,,,1,12,,52091,6,,,1,12,,52090,6,,,1,12,,52093,6,,,1,12,,52092,6,,,1,53,,52089,6,,,1,14,,52062,6,,,1,12,,52116,6,,,1,13,,52063,6,,,1,54,,52088,6,,,1,14,,52061,6,,,1,17,,52064,6,,,1,21,,52065,6,,,1,60,,52066,6,,,1,20,,52067,6,,,1,20,,52115,6,,,1
50204,'Weekday',502,,52205,5,,,1,12,,52188,5,,,1,10,,52184,5,,,1,10,,52182,5,,,1,10,,52177,5,,,1,10,,52179,5,,,1,51,,52181,5,,,1,9,,52180,5,,,1,11,,52178,5,,,1,10,,52183,6,,,1,10,,52197,6,,,1,10,,52207,6,,,1,50,,52206,6,,,1,11,,52194,6,,,1,10,,52186,6,,,1,10,,52185,6,,,1,10,,52172,6,,,1,10,,52169,6,,,1,52,,52166,6,,,1,10,,52159,6,,,1,10,,52161,6,,,1,10,,52155,6,,,1,10,,52156,6,,,1,10,,52198,6,,,1,50,,52152,6,,,1,13,,52210,6,,,1,13,,52193,6,,,1,16,,52173,6,,,1,54,,52150,6,,,1,14,,52167,6,,,1,15,,52160,6,,,1,17,,52151,6,,,1,53,,52149,6,,,1,18,,52200,6,,,1,15,,52209,6,,,1,14,,52192,6,,,1,56,,52174,6,,,1,16,,52145,6,,,1,14,,52168,6,,,1,15,,52158,6,,,1,55,,52153,6,,,1,12,,52146,6,,,1,18,,52201,6,,,1,15,,52211,6,,,1,53,,52191,6,,,1,11,,52143,6,,,1,9,,52144,6,,,1,9,,52141,6,,,1,11,,52175,6,,,1,11,,52140,6,,,1,49,,52139,6,,,1,10,,52170,6,,,1,10,,52162,6,,,1,10,,52154,6,,,1,10,,52147,6,,,1,10,,52135,6,,,1,52,,52202,6,,,1,9,,52212,6,,,1,9,,52128,6,,,1,10,,52195,6,,,1,12,,52132,6,,,1,10,,52131,6,,,1,50,,52133,6,,,1,10,,52127,6,,,1,10,,52176,6,,,1,9,,52142,6,,,1,9,,52124,6,,,1,10,,52171,6,,,1,52,,52163,6,,,1,10,,52148,6,,,1,8,,52125,6,,,1,11,,52203,6,,,1,10,,52213,6,,,1,11,,52122,6,,,1,51,,52189,6,,,1,13,,52121,6,,,1,13,,52130,6,,,1,12,,52138,6,,,1,59,,52165,6,,,1,15,,52157,6,,,1,15,,52123,6,,,1,15,,52199,6,,,1,55,,52119,6,,,1,14,,52190,6,,,1,15,,52117,6,,,1,15,,52129,6,,,1,55,,52137,6,,,1,15,,52164,6,,,1,15,,52126,6,,,1,15,,52204,6,,,1,55,,52120,6,,,1,14,,52196,6,,,1,15,,52118,6,,,1,13,,52134,6,,,1,55,,52136,6,,,1
