101,'Saturday',559,,42291,23,,,1,61,,42290,23,,,1,18,,42293,23,,,1,18,,42289,49,,,1,61,,42300,49,,,1,20,,42299,49,,,1,20,,42301,49,,,1,63,,42302,49,,,1,21,,42303,49,,,1,60,,42304,49,,,1,20,,42305,49,,,1,20,,42306,49,,,1,60,,42307,49,,,1,20,,42308,49,,,1,19,,42309,49,,,1,62,,42310,49,,,1,20,,42311,49,,,1,20,,42312,49,,,1,60,,42313,49,,,1,20,,42314,49,,,1,19,,42315,49,,,1,60,,42316,49,,,1,19,,42317,49,,,1,25,,42318,49,,,1,61,,42320,49,,,1,22,,42321,49,,,1,21,,42322,49,,,1,63,,42319,49,,,1,20,,42323,49,,,1,20,,42324,49,,,1,60,,42325,49,,,1,20,,42326,49,,,1,20,,42327,49,,,1,61,,42328,49,,,1,19,,42329,49,,,1,19,,42330,49,,,1,61,,42331,49,,,1,19,,42332,49,,,1,18,,42333,49,,,1,59,,42334,49,,,1,19,,42298,49,,,1,17,,42297,49,,,1,68,,42337,49,,,1,30,,42338,49,,,1,71,,42339,49,,,1,29,,42341,49,,,1,73,,42342,49,,,1,30,,42343,49,,,1,65,,42340,49,,,1,29,,42344,49,,,1,69,,42335,49,,,1,29,,42336,49,,,1,72,,42294,49,,,1,42,,42296,49,,,1
101,'Sunday',606,,42348,49,,,1,130,,42345,49,,,1,20,,42357,49,,,1,61,,42358,49,,,1,20,,42359,49,,,1,20,,42360,49,,,1,60,,42362,49,,,1,20,,42363,49,,,1,20,,42364,49,,,1,60,,42361,49,,,1,20,,42366,49,,,1,20,,42367,49,,,1,60,,42365,49,,,1,21,,42370,49,,,1,20,,42371,49,,,1,60,,42369,49,,,1,20,,42368,49,,,1,20,,42372,49,,,1,60,,42373,49,,,1,21,,42374,49,,,1,20,,42375,49,,,1,61,,42377,49,,,1,20,,42378,49,,,1,60,,42379,49,,,1,20,,42376,49,,,1,20,,42380,49,,,1,60,,42384,49,,,1,20,,42385,49,,,1,20,,42381,49,,,1,61,,42382,49,,,1,20,,42386,49,,,1,20,,42383,49,,,1,60,,42387,49,,,1,19,,42388,49,,,1,18,,42389,49,,,1,20,,42390,49,,,1,60,,42391,49,,,1,20,,42393,49,,,1,20,,42394,49,,,1,59,,42395,49,,,1,20,,42392,49,,,1,19,,42396,49,,,1,60,,42397,49,,,1,25,,42398,49,,,1,60,,42399,49,,,1,19,,42400,49,,,1,20,,42355,49,,,1,19,,42352,49,,,1,60,,42353,49,,,1,19,,42349,49,,,1,15,,42354,49,,,1,60,,42356,49,,,1,23,,42351,49,,,1
101,'Weekday',407,,42410,23,,,1,22,,42408,23,,,1,20,,42405,23,,,1,58,,42404,23,,,1,30,,42403,49,,,1,19,,42407,49,,,1,65,,42406,49,,,1,10,,42402,44,0,5,1,13,,42418,49,,,1,9,,42421,44,0,5,1,53,,42419,49,,,1,15,,42422,44,0,5,1,11,,42420,49,,,1,15,,42423,44,0,5,1,12,,42413,49,,,1,59,,42416,49,,,1,15,,42424,44,0,5,1,12,,42412,49,,,1,13,,42425,44,0,5,1,53,,42417,49,,,1,13,,42426,44,0,5,1,12,,42414,49,,,1,14,,42415,44,0,5,1,56,,42438,44,0,5,1,16,,42427,49,,,1,10,,42439,44,0,5,1,19,,42428,49,,,1,62,,42441,44,0,5,1,19,,42429,49,,,1,13,,42442,44,0,5,1,14,,42430,49,,,1,52,,42440,44,0,5,1,13,,42431,49,,,1,21,,42444,44,0,5,1,9,,42432,49,,,1,67,,42445,44,0,5,1,20,,42433,53,0,7,1,13,,42443,44,0,5,1,48,,42434,49,,,1,28,,42447,44,0,5,1,14,,42435,49,,,1,12,,42448,48,0,5 7,1,55,,42436,49,,,1,16,,42449,44,0,5,1,14,,42437,53,0,7,1,60,,42446,49,,,1,15,,42465,44,0,5,1,11,,42450,49,,,1,15,,42466,44,0,5,1,59,,42467,44,0,5,1,9,,42451,49,,,1,16,,42468,44,0,5,1,17,,42452,49,,,1,12,,42469,44,0,5,1,52,,42453,49,,,1,14,,42470,44,0,5,1,11,,42454,49,,,1,19,,42455,49,,,1,50,,42471,44,0,5,1,10,,42456,49,,,1,9,,42472,44,0,5,1,12,,42457,49,,,1,8,,42473,44,0,5,1,9,,42458,49,,,1,57,,42459,49,,,1,24,,42460,49,,,1,21,,42461,49,,,1,65,,42462,49,,,1,20,,42463,49,,,1,22,,42464,49,,,1,63,,42474,49,,,1,37,,42476,49,,,1,67,,42475,49,,,1,82,,42479,49,,,1,33,,42480,49,,,1,73,,42477,49,,,1,32,,42478,49,,,1
102,'Saturday',633,,42487,25,,,1,20,,42507,25,,,1,61,,42506,25,,,1,20,,42508,25,,,1,20,,42509,25,,,1,60,,42510,25,,,1,20,,42511,25,,,1,20,,42512,25,,,1,64,,42513,25,,,1,20,,42514,25,,,1,20,,42515,25,,,1,61,,42516,25,,,1,19,,42517,25,,,1,20,,42518,25,,,1,60,,42519,25,,,1,20,,42520,25,,,1,21,,42521,25,,,1,60,,42522,25,,,1,20,,42523,25,,,1,20,,42524,25,,,1,62,,42525,25,,,1,18,,42527,25,,,1,20,,42528,25,,,1,60,,42529,25,,,1,19,,42526,25,,,1,19,,42530,25,,,1,63,,42531,25,,,1,21,,42532,25,,,1,59,,42505,25,,,1,19,,42503,25,,,1,20,,42502,25,,,1,20,,42499,25,,,1,61,,42500,25,,,1,20,,42497,25,,,1,60,,42495,25,,,1,20,,42498,25,,,1,20,,42496,25,,,1,19,,42501,25,,,1,59,,42494,25,,,1,16,,42504,25,,,1,70,,42535,25,,,1,35,,42536,25,,,1,68,,42537,25,,,1,26,,42538,25,,,1,70,,42539,25,,,1,30,,42540,25,,,1,72,,42541,25,,,1,30,,42542,25,,,1,22,,42534,25,,,1,69,,42492,25,,,1,29,,42490,25,,,1,68,,42543,25,,,1,30,,42493,25,,,1,82,,42491,25,,,1
102,'Sunday',616,,42547,25,,,1,43,,42545,25,,,1,56,,42571,25,,,1,20,,42572,25,,,1,20,,42573,25,,,1,60,,42574,25,,,1,20,,42576,25,,,1,20,,42577,25,,,1,60,,42578,25,,,1,20,,42575,25,,,1,20,,42580,25,,,1,60,,42581,25,,,1,20,,42566,25,,,1,20,,42567,25,,,1,60,,42551,25,,,1,20,,42561,25,,,1,20,,42549,25,,,1,61,,42560,25,,,1,20,,42553,25,,,1,20,,42558,25,,,1,61,,42565,25,,,1,20,,42562,25,,,1,20,,42548,25,,,1,60,,42564,25,,,1,20,,42557,25,,,1,66,,42550,25,,,1,20,,42554,25,,,1,20,,42569,25,,,1,60,,42552,25,,,1,20,,42568,25,,,1,20,,42559,25,,,1,60,,42570,25,,,1,21,,42563,25,,,1,20,,42555,25,,,1,60,,42556,25,,,1,20,,42579,25,,,1,20,,42584,25,,,1,60,,42585,25,,,1,19,,42583,25,,,1,20,,42582,25,,,1,60,,42586,25,,,1,19,,42587,25,,,1,20,,42588,25,,,1,60,,42589,25,,,1,20,,42591,25,,,1,20,,42592,25,,,1,60,,42593,25,,,1,13,,42590,25,,,1,20,,42594,25,,,1,67,,42597,25,,,1,25,,42598,25,,,1,26,,42595,25,,,1,59,,42596,25,,,1,17,,42599,25,,,1,15,,42544,25,,,1,60,,42600,25,,,1,21,,42546,25,,,1
102,'Weekday',442,,42603,25,,,1,59,,42604,25,,,1,22,,42601,25,,,1,21,,42607,25,,,1,60,,42608,25,,,1,21,,42606,25,,,1,19,,42605,25,,,1,58,,42617,25,,,1,14,,42614,14,0,5,1,9,,42611,25,,,1,13,,42621,14,0,5,1,10,,42613,25,,,1,10,,42612,14,0,5,1,55,,42616,25,0,7,1,14,,42615,14,0,5,1,12,,42619,25,,,1,11,,42609,14,0,5,1,53,,42620,25,,,1,12,,42618,14,0,5 7,1,11,,42610,25,,,1,14,,42633,14,0,5,1,16,,42623,25,,,1,50,,42634,14,0,5 7,1,12,,42624,25,,,1,13,,42635,14,0,5,1,12,,42625,25,,,1,68,,42636,14,0,5,1,20,,42626,25,,,1,18,,42637,14,0,5,1,7,,42627,25,,,1,65,,42638,14,0,5,1,17,,42628,25,,,1,16,,42639,14,0,5,1,52,,42629,25,,,1,24,,42640,14,0,5,1,10,,42630,25,0,7,1,61,,42641,14,0,5,1,7,,42622,25,,,1,24,,42642,14,0,5,1,18,,42631,25,,,1,62,,42643,14,0,5,1,7,,42632,25,,,1,16,,42664,14,0,5,1,8,,42650,25,,,1,7,,42665,14,0,5,1,56,,42648,25,,,1,14,,42666,14,0,5,1,12,,42645,25,,,1,21,,42651,25,,,1,54,,42667,14,0,5,1,9,,42652,25,,,1,9,,42653,25,,,1,9,,42668,14,0,5,1,12,,42654,25,,,1,9,,42646,14,0,5,1,55,,42644,14,0,5,1,14,,42655,25,,,1,13,,42649,14,0,5,1,14,,42656,25,,,1,53,,42657,25,,,1,9,,42647,14,0,5,1,8,,42658,25,,,1,24,,42659,25,,,1,65,,42660,25,,,1,20,,42661,25,,,1,22,,42662,25,,,1,57,,42663,25,,,1,20,,42671,25,,,1,24,,42670,25,,,1,62,,42669,25,,,1,39,,42672,25,,,1,70,,42673,25,,,1,77,,42674,25,,,1,28,,42675,25,,,1,75,,42676,25,,,1,32,,42677,25,,,1,72,,42678,25,,,1
802,'Saturday',551,,44787,2,,,1,90,,44785,2,,,1,90,,44791,2,,,1,91,,44788,2,,,1,90,,44790,2,,,1,90,,44789,2,,,1,35,,44801,2,,,1,75,,44812,2,,,1,36,,44802,2,,,1,69,,44803,2,,,1,39,,44804,2,,,1,75,,44805,2,,,1,75,,44806,2,,,1,35,,44807,2,,,1,75,,44808,2,,,1,35,,44809,2,,,1,75,,44810,2,,,1,75,,44811,2,,,1,35,,44797,2,,,1,75,,44800,2,,,1,35,,44799,2,,,1,74,,44798,2,,,1,80,,44796,2,,,1,51,,44792,2,,,1,90,,44793,2,,,1,90,,44794,2,,,1,90,,44795,2,,,1,90,,44786,2,,,1
802,'Sunday',751,,44814,2,,,1,85,,44813,2,,,1,85,,44815,2,,,1,85,,44816,2,,,1,45,,44817,2,,,1,86,,44820,2,,,1,85,,44821,2,,,1,88,,44818,2,,,1,45,,44819,2,,,1,85,,44822,2,,,1,85,,44823,2,,,1,85,,44824,2,,,1,45,,44825,2,,,1,85,,44826,2,,,1,85,,44828,2,,,1,85,,44829,2,,,1,45,,44830,2,,,1,81,,44831,2,,,1,85,,44832,2,,,1,85,,44827,2,,,1
802,'Weekday',441,,44834,2,,,1,75,,44838,2,,,1,35,,44844,2,,,1,72,,44849,2,,,1,36,,44841,2,,,1,77,,44848,2,,,1,75,,44839,2,,,1,35,,44847,2,,,1,79,,44836,2,,,1,31,,44842,2,,,1,75,,44835,2,,,1,75,,44845,2,,,1,35,,44837,2,,,1,75,,44843,2,,,1,33,,44846,2,,,1,74,,44840,2,,,1,81,,44853,2,,,1,39,,44852,2,,,1,77,,44854,2,,,1,82,,44856,2,,,1,37,,44855,2,,,1,81,,44857,2,,,1,86,,44859,2,,,1,35,,44858,2,,,1,74,,44860,2,,,1,43,,44862,2,,,1,66,,44861,2,,,1,34,,44863,2,,,1,89,,44851,2,,,1,85,,44850,2,,,1,94,,44833,2,,,1
1003,'Weekday',609,,44975,26,,,1,32,,44970,26,,,1,62,,44980,26,,,1,32,,44972,26,,,1,23,,44967,26,,,1,56,,44973,26,,,1,31,,44969,26,,,1,66,,44978,26,,,1,24,,44971,26,,,1,24,,44968,26,,,1,62,,44974,26,,,1,86,,44983,26,,,1,96,,44977,26,,,1,55,,44982,26,,,1,94,,44976,26,,,1,87,,44981,26,,,1,71,,44979,26,,,1,28,,44985,26,,,1,18,,44984,26,,,1,64,,44986,26,,,1,27,,44987,26,,,1,70,,44988,26,,,1,29,,44989,26,,,1,57,,44990,26,,,1,29,,44991,26,,,1,22,,44992,26,,,1,66,,44993,26,,,1,23,,44994,26,,,1
1303,'Saturday',834,,45572,22,,,1,100,,45573,22,,,1,100,,45574,22,,,1,100,,45575,22,,,1,101,,45578,22,,,1,100,,45579,22,,,1,100,,45580,22,,,1,100,,45577,22,,,1,100,,45581,22,,,1,100,,45582,22,,,1,100,,45576,22,,,1,100,,45571,22,,,1
1303,'Weekday',504,,45585,22,,,1,42,,45586,22,,,1,82,,45587,22,,,1,87,,45583,22,,,1,88,,45584,22,,,1,47,,45588,22,,,1,84,,45589,22,,,1,83,,45590,22,,,1,83,,45591,22,,,1,47,,45592,22,,,1,85,,45593,22,,,1,82,,45594,22,,,1,44,,45595,22,,,1,86,,45598,22,,,1,92,,45599,22,,,1,85,,45597,22,,,1,89,,45596,22,,,1,43,,45600,22,,,1,86,,45601,22,,,1,77,,45602,22,,,1
1503,'Saturday',608,,46079,21,0,6,1,22,,46080,21,0,6,1,22,,46094,21,0,6,1,62,,46095,21,0,6,1,22,,46096,21,0,6,1,22,,46093,21,0,6,1,62,,46097,21,0,6,1,22,,46098,21,0,6,1,62,,46099,21,0,6,1,22,,46102,21,0,6,1,22,,46103,21,0,6,1,62,,46100,21,0,6,1,22,,46101,21,0,6,1,22,,46104,21,0,6,1,62,,46105,21,0,6,1,22,,46106,21,0,6,1,62,,46109,21,0,6,1,22,,46110,21,0,6,1,22,,46111,21,0,6,1,62,,46107,21,0,6,1,22,,46112,21,0,6,1,22,,46113,21,0,6,1,62,,46114,21,0,6,1,22,,46108,21,0,6,1,22,,46115,21,0,6,1,62,,46117,21,0,6,1,22,,46118,21,0,6,1,62,,46119,21,0,6,1,22,,46116,21,0,6,1,22,,46120,21,0,6,1,62,,46121,21,0,6,1,22,,46123,21,0,6,1,22,,46125,21,0,6,1,62,,46122,21,0,6,1,22,,46126,21,0,6,1,22,,46124,21,0,6,1,62,,46127,21,0,6,1,22,,46128,21,0,6,1,62,,46129,21,0,6,1,22,,46131,21,0,6,1,22,,46132,21,0,6,1,62,,46133,21,0,6,1,22,,46092,21,0,6,1,22,,46091,21,0,6,1,62,,46086,21,0,6,1,22,,46090,21,0,6,1,62,,46087,21,0,6,1,22,,46089,21,0,6,1,22,,46085,21,0,6,1,62,,46088,21,0,6,1,25,,46081,21,0,6,1,19,,46130,21,,,1,60,,46083,21,,,1,25,,46084,21,,,1
1503,'Sunday',728,,46166,21,0,6,1,80,,46136,21,0,6,1,30,,46137,21,0,6,1,70,,46134,21,0,6,1,30,,46138,21,0,6,1,70,,46135,21,0,6,1,30,,46139,21,0,6,1,70,,46140,21,0,6,1,30,,46144,21,0,6,1,70,,46141,21,0,6,1,30,,46145,21,0,6,1,70,,46142,21,0,6,1,30,,46148,21,0,6,1,70,,46143,21,0,6,1,30,,46149,21,0,6,1,70,,46146,21,0,6,1,30,,46147,21,0,6,1,70,,46150,21,0,6,1,30,,46151,21,0,6,1,70,,46153,21,0,6,1,30,,46154,21,0,6,1,70,,46155,21,0,6,1,30,,46152,21,0,6,1,70,,46156,21,0,6,1,30,,46157,21,0,6,1,70,,46158,21,0,6,1,30,,46159,21,0,6,1,70,,46161,21,0,6,1,30,,46162,21,0,6,1,70,,46163,21,0,6,1,30,,46160,21,0,6,1,70,,46164,21,0,6,1,30,,46165,21,0,6,1,70,,46169,21,0,6,1,30,,46168,21,0,6,1
1503,'Weekday',542,,46233,13,0,5,1,60,,46185,13,0,5,1,9,,46208,21,0,6,1,11,,46249,13,0,5,1,14,,46202,21,0,6,1,8,,46250,13,0,5,1,11,,46259,21,,,1,47,,46251,13,0,5,1,13,,46260,21,,,1,11,,46252,13,0,5,1,12,,46261,21,,,1,9,,46253,13,0,5,1,12,,46262,21,,,1,50,,46254,13,0,5,1,11,,46263,21,,,1,8,,46240,13,0,5,1,10,,46264,21,,,1,7,,46241,13,0,5,1,11,,46265,21,,,1,48,,46247,13,0,5,1,11,,46266,21,,,1,9,,46238,13,0,5,1,10,,46267,21,,,1,10,,46236,13,0,5,1,13,,46268,21,,,1,50,,46242,13,0,5,1,7,,46243,21,,,1,11,,46248,13,0,5,1,10,,46239,21,,,1,10,,46244,13,0,5,1,13,,46246,21,,,1,54,,46237,13,0,5,1,16,,46245,21,,,1,8,,46270,13,0,5,1,15,,46257,13,0,5,1,53,,46227,21,0,6,1,14,,46258,13,0,5,1,12,,46220,21,0,6,1,17,,46255,13,0,5,1,11,,46224,21,0,6,1,51,,46256,13,0,5,1,12,,46221,13,0,5,1,10,,46225,21,0,6,1,15,,46222,13,0,5,1,9,,46269,21,,,1,54,,46223,21,0,6,1,8,,46182,13,0,5,1,13,,46181,21,0,6,1,7,,46187,13,0,5,1,14,,46186,13,0,5,1,5,,46183,21,0,6,1,64,,46209,21,0,6,1,12,,46177,13,0,5,1,14,,46198,21,0,6,1,9,,46180,13,0,5,1,55,,46195,21,0,6,1,8,,46171,13,0,5,1,13,,46234,21,,,1,7,,46172,13,0,5,1,13,,46199,21,0,6,1,5,,46173,13,0,5,1,50,,46203,21,0,6,1,13,,46174,13,0,5,1,8,,46194,21,0,6,1,13,,46175,13,0,5,1,6,,46192,21,0,6,1,13,,46178,13,0,5,1,51,,46193,21,0,6,1,7,,46179,13,0,5,1,11,,46216,21,0,6,1,16,,46176,13,0,5,1,13,,46212,21,0,6,1,53,,46235,13,0,5,1,9,,46201,21,0,6,1,15,,46189,13,0,5,1,15,,46229,13,0,5,1,10,,46205,21,0,6,1,55,,46230,13,0,5,1,12,,46197,21,0,6,1,17,,46196,21,0,6,1,15,,46232,13,0,5,1,56,,46200,21,0,6,1,12,,46231,13,0,5,1,15,,46204,21,0,6,1,14,,46226,13,0,5,1,63,,46207,21,0,6,1,26,,46206,21,0,6,1,65,,46184,21,0,6,1,30,,46211,21,0,6,1,70,,46210,21,0,6,1,29,,46219,21,0,6,1,70,,46170,21,,,1,30,,46217,21,0,6,1,65,,46228,21,,,1,22,,46214,21,,,1
1504,'Saturday',627,,46275,27,,,1,22,,46273,27,,,1,62,,46280,27,,,1,22,,46281,27,,,1,22,,46279,27,,,1,62,,46284,27,,,1,22,,46286,27,,,1,62,,46282,27,,,1,22,,46285,27,,,1,22,,46283,27,,,1,62,,46287,27,,,1,22,,46288,27,,,1,22,,46289,27,,,1,62,,46290,27,,,1,22,,46292,27,,,1,22,,46293,27,,,1,62,,46294,27,,,1,22,,46291,27,,,1,62,,46295,27,,,1,22,,46296,27,,,1,22,,46298,27,,,1,62,,46299,27,,,1,22,,46300,27,,,1,22,,46297,27,,,1,62,,46302,27,,,1,22,,46303,27,,,1,22,,46305,27,,,1,62,,46307,27,,,1,22,,46308,27,,,1,62,,46304,27,,,1,22,,46301,27,,,1,22,,46306,27,,,1,62,,46310,27,,,1,22,,46311,27,,,1,22,,46309,27,,,1,62,,46312,27,,,1,22,,46314,27,,,1,62,,46315,27,,,1,22,,46316,27,,,1,22,,46313,27,,,1,62,,46317,27,,,1,22,,46318,27,,,1,22,,46320,27,,,1,62,,46322,27,,,1,22,,46319,27,,,1,22,,46323,27,,,1,62,,46321,27,,,1,22,,46324,27,,,1,62,,46325,27,,,1,22,,46326,27,,,1,26,,46274,27,,,1,61,,46278,27,,,1
1504,'Sunday',721,,46360,27,,,1,30,,46327,27,,,1,71,,46331,27,,,1,29,,46329,27,,,1,70,,46332,27,,,1,30,,46333,27,,,1,70,,46335,27,,,1,30,,46334,27,,,1,70,,46339,27,,,1,30,,46336,27,,,1,70,,46340,27,,,1,30,,46338,27,,,1,70,,46341,27,,,1,30,,46342,27,,,1,70,,46345,27,,,1,30,,46337,27,,,1,70,,46343,27,,,1,30,,46347,27,,,1,70,,46344,27,,,1,30,,46348,27,,,1,70,,46349,27,,,1,30,,46346,27,,,1,70,,46350,27,,,1,30,,46351,27,,,1,70,,46352,27,,,1,30,,46353,27,,,1,70,,46355,27,,,1,30,,46356,27,,,1,70,,46357,27,,,1,30,,46354,27,,,1,70,,46358,27,,,1,30,,46359,27,,,1,70,,46328,27,,,1,30,,46330,27,,,1,62,,46361,27,,,1,30,,46362,27,,,1
1504,'Weekday',508,,46363,28,0,5,1,10,,46399,27,,,1,13,,46375,28,0,5,1,18,,46401,27,,,1,9,,46381,28,0,5,1,49,,46410,27,,,1,15,,46396,27,,,1,9,,46411,28,0,5,1,10,,46409,27,,,1,11,,46438,28,0,5,1,49,,46448,27,,,1,12,,46439,28,0,5,1,8,,46449,27,,,1,13,,46440,28,0,5,1,9,,46450,27,,,1,11,,46441,28,0,5,1,49,,46451,27,,,1,6,,46442,28,0,5,1,10,,46452,27,,,1,9,,46443,28,0,5,1,11,,46453,27,,,1,10,,46444,28,0,5,1,52,,46454,27,,,1,9,,46445,28,0,5,1,12,,46455,27,,,1,12,,46446,28,0,5,1,8,,46456,27,,,1,11,,46447,28,0,5,1,49,,46457,27,,,1,11,,46435,28,0,5,1,9,,46433,27,,,1,11,,46437,28,0,5,1,7,,46415,27,,,1,13,,46434,28,0,5,1,55,,46422,27,,,1,10,,46436,28,0,5,1,16,,46413,27,,,1,12,,46423,28,0,5,1,54,,46417,27,,,1,13,,46424,28,0,5,1,15,,46460,28,0,5,1,11,,46412,27,,,1,11,,46421,28,0,5,1,53,,46416,27,,,1,13,,46425,28,0,5,1,15,,46418,27,,,1,15,,46420,28,0,5,1,55,,46458,28,0,5,1,8,,46419,27,,,1,11,,46378,28,0,5,1,10,,46385,27,,,1,13,,46364,28,0,5,1,13,,46384,27,,,1,55,,46373,28,0,5,1,9,,46377,27,,,1,10,,46376,28,0,5,1,9,,46379,27,,,1,11,,46368,28,0,5,1,51,,46461,27,,,1,8,,46400,27,,,1,7,,46370,28,0,5,1,12,,46382,27,,,1,9,,46371,28,0,5,1,11,,46395,27,,,1,10,,46372,28,0,5,1,53,,46367,28,0,5,1,8,,46391,27,,,1,11,,46393,27,,,1,9,,46366,28,0,5,1,12,,46402,27,,,1,8,,46365,28,0,5,1,47,,46397,27,,,1,11,,46369,28,0,5,1,8,,46383,27,,,1,10,,46374,28,0,5,1,10,,46392,27,,,1,11,,46427,28,0,5,1,52,,46403,27,,,1,10,,46431,28,0,5,1,15,,46386,27,,,1,9,,46428,28,0,5,1,13,,46387,27,,,1,62,,46388,27,,,1,14,,46429,28,0,5,1,14,,46430,28,0,5,1,12,,46394,27,,,1,55,,46432,28,0,5,1,16,,46389,27,,,1,24,,46390,27,,,1,66,,46398,27,,,1,30,,46404,27,,,1,68,,46405,27,,,1,29,,46407,27,,,1,69,,46380,27,,,1,30,,46406,27,,,1,69,,46426,27,,,1,29,,46408,27,,,1,85,,46414,27,,,1
1803,'Saturday',404,,46777,23,0,5,1,232,,46754,23,,,1,20,,46733,23,,,1,60,,46780,23,,,1,20,,46730,23,,,1,21,,46781,23,,,1,63,,46757,23,,,1,22,,46756,23,,,1,63,,46739,23,,,1,20,,46732,23,,,1,20,,46734,23,,,1,60,,46743,23,,,1,20,,46726,23,,,1,18,,46752,23,,,1,59,,46737,23,,,1,24,,46728,23,,,1,23,,46729,23,,,1,63,,46735,23,,,1,2,,46785,23,0,5,1,17,,46744,23,,,1,12,,46784,23,0,5,1,8,,46727,23,,,1,59,,46746,23,,,1,21,,46738,23,,,1,20,,46731,23,,,1,62,,46741,23,,,1,20,,46740,23,,,1,18,,46753,23,,,1,57,,46736,23,,,1,23,,46751,23,,,1,20,,46748,23,,,1,60,,46755,23,,,1,25,,46747,23,,,1,15,,46745,23,,,1,62,,46750,23,,,1,20,,46749,23,,,1,19,,46763,23,,,1,60,,46758,23,,,1,21,,46759,23,,,1,20,,46761,23,,,1,58,,46760,23,,,1,17,,46762,23,,,1,19,,46764,23,,,1,63,,46766,23,,,1,20,,46769,23,,,1,20,,46767,23,,,1,60,,46778,23,,,1,16,,46765,23,,,1,17,,46768,23,,,1,57,,46770,23,,,1,23,,46779,23,,,1,24,,46771,23,,,1,73,,46772,23,,,1,23,,46773,23,,,1,65,,46775,23,,,1,35,,46774,23,,,1,65,,46776,23,,,1
1803,'Sunday',407,,46820,23,0,5,1,402,,46787,23,,,1,33,,46790,23,,,1,73,,46799,23,,,1,33,,46792,23,,,1,69,,46795,23,,,1,27,,46818,23,,,1,62,,46810,23,,,1,23,,46791,23,,,1,24,,46811,23,,,1,63,,46821,23,0,5,1,15,,46817,23,,,1,15,,46822,23,0,5,1,63,,46807,23,,,1,34,,46805,23,,,1,73,,46803,23,,,1,33,,46793,23,,,1,73,,46796,23,,,1,33,,46794,23,,,1,73,,46815,23,,,1,73,,46814,23,,,1,33,,46808,23,,,1,73,,46806,23,,,1,33,,46801,23,,,1,75,,46802,23,,,1,34,,46798,23,,,1,69,,46789,23,,,1,31,,46797,23,,,1,74,,46816,23,,,1,31,,46812,23,,,1,72,,46813,23,,,1,33,,46809,23,,,1,72,,46804,23,,,1,73,,46800,23,,,1
1803,'Weekday',404,,46827,23,0,5,1,98,,46931,23,,,1,9,,46826,23,,,1,11,,46876,23,,,1,10,,46869,23,,,1,10,,46866,23,,,1,10,,46868,23,,,1,6,,46929,23,,,1,48,,46867,23,,,1,6,,46875,23,,,1,7,,46930,23,,,1,7,,46879,23,,,1,10,,46878,23,,,1,10,,46888,23,,,1,10,,46885,23,,,1,51,,46886,23,,,1,10,,46883,23,,,1,10,,46871,23,,,1,10,,46880,23,,,1,10,,46882,23,,,1,10,,46877,23,,,1,52,,46873,23,,,1,10,,46872,23,,,1,10,,46926,23,0,5,1,8,,46874,23,,,1,10,,46887,23,,,1,9,,46884,23,,,1,50,,46881,23,,,1,9,,46870,23,,,1,12,,46829,23,,,1,12,,46831,23,,,1,17,,46832,23,,,1,57,,46833,23,,,1,15,,46834,23,,,1,19,,46835,23,,,1,56,,46836,23,,,1,17,,46837,23,,,1,14,,46838,23,,,1,13,,46858,23,0,5,1,12,,46840,23,,,1,54,,46839,23,,,1,17,,46841,23,,,1,17,,46842,23,,,1,58,,46843,23,,,1,20,,46844,23,,,1,17,,46845,23,,,1,17,,46846,23,,,1,57,,46847,23,,,1,14,,46892,23,,,1,12,,46889,23,,,1,12,,46893,23,,,1,52,,46894,23,,,1,12,,46895,23,,,1,12,,46896,23,,,1,12,,46897,23,,,1,13,,46898,23,,,1,52,,46927,23,0,5,1,8,,46899,23,,,1,11,,46900,23,,,1,12,,46901,23,,,1,10,,46902,23,,,1,9,,46928,23,0,5,1,48,,46903,23,,,1,10,,46905,23,,,1,12,,46906,23,,,1,11,,46907,23,,,1,13,,46904,23,,,1,51,,46908,23,,,1,10,,46909,23,,,1,10,,46910,23,,,1,10,,46911,23,,,1,12,,46912,23,,,1,12,,46913,23,,,1,51,,46914,23,,,1,10,,46915,23,,,1,12,,46916,23,,,1,12,,46917,23,,,1,12,,46918,23,,,1,51,,46919,23,,,1,11,,46920,23,,,1,12,,46921,23,,,1,11,,46922,23,,,1,13,,46923,23,,,1,52,,46924,23,,,1,11,,46925,23,,,1,10,,46848,23,,,1,18,,46851,23,,,1,60,,46856,23,,,1,20,,46850,23,,,1,20,,46861,23,,,1,12,,46865,23,,,1,52,,46860,23,,,1,19,,46830,23,,,1,18,,46857,23,,,1,59,,46853,23,,,1,20,,46852,23,,,1,21,,46859,23,,,1,59,,46855,23,,,1,20,,46864,23,,,1,22,,46862,23,,,1,58,,46849,23,,,1,20,,46863,23,,,1,20,,46854,23,,,1
1804,'Saturday',632,,46938,34,,,1,20,,46992,34,,,1,60,,46990,34,,,1,25,,46988,34,,,1,20,,46989,34,,,1,66,,46987,34,,,1,16,,46947,34,,,1,67,,46960,34,,,1,21,,46985,34,,,1,1,,46986,34,,,1,18,,46959,34,,,1,60,,46943,34,,,1,22,,46935,34,,,1,18,,46933,34,,,1,63,,46940,34,,,1,20,,46948,34,,,1,15,,46932,34,,,1,62,,46949,34,,,1,23,,46939,34,,,1,20,,46934,34,,,1,61,,46936,34,,,1,19,,46944,34,,,1,18,,46951,34,,,1,58,,46946,34,,,1,19,,46950,34,,,1,23,,46945,34,,,1,60,,46942,34,,,1,23,,46941,34,,,1,17,,46956,34,,,1,60,,46953,34,,,1,18,,46954,34,,,1,22,,46955,34,,,1,60,,46957,34,,,1,20,,46958,34,,,1,20,,46963,34,,,1,60,,46961,34,,,1,18,,46962,34,,,1,18,,46964,34,,,1,57,,46965,34,,,1,12,,46993,34,,,1,10,,46966,34,,,1,16,,46967,34,,,1,14,,46984,34,,,1,56,,46968,34,,,1,14,,46969,34,,,1,17,,46970,34,,,1,17,,46975,34,,,1,59,,46974,34,,,1,15,,46971,34,,,1,24,,46973,34,,,1,70,,46972,34,,,1,26,,46978,34,,,1,70,,46977,34,,,1,31,,46979,34,,,1,68,,46976,34,,,1,17,,46981,34,,,1,66,,46980,34,,,1,36,,46983,34,,,1,64,,46982,34,,,1
1804,'Sunday',709,,46995,34,,,1,37,,46997,34,,,1,75,,46999,34,,,1,25,,47001,34,,,1,63,,46998,34,,,1,20,,47027,34,0,5,1,19,,47026,34,,,1,58,,47002,34,,,1,18,,47000,34,,,1,28,,47004,34,,,1,67,,47005,34,,,1,25,,47029,34,,,1,65,,47006,34,,,1,29,,47003,34,,,1,73,,47007,34,,,1,33,,47008,34,,,1,73,,47011,34,,,1,33,,47013,34,,,1,73,,47010,34,,,1,33,,47014,34,,,1,73,,47012,34,,,1,73,,47015,34,,,1,33,,47009,34,,,1,73,,47018,34,,,1,21,,47019,34,,,1,21,,47020,34,,,1,64,,47030,34,0,5,1,23,,47016,34,,,1,22,,47028,34,0,5,1,69,,47017,34,,,1,25,,47021,34,,,1,72,,47022,34,,,1,33,,47023,34,,,1,73,,47024,34,,,1,73,,47025,34,,,1,31,,46996,34,,,1,73,,46994,34,,,1
1804,'Weekday',440,,47034,34,,,1,6,,47036,34,,,1,6,,47037,34,,,1,5,,47035,34,,,1,45,,47137,34,,,1,7,,47093,34,,,1,6,,47139,34,,,1,9,,47094,34,,,1,11,,47095,34,,,1,9,,47096,34,,,1,8,,47097,34,,,1,50,,47098,34,,,1,11,,47099,34,,,1,11,,47100,34,,,1,9,,47101,34,,,1,10,,47102,34,,,1,10,,47103,34,,,1,50,,47104,34,,,1,10,,47079,34,,,1,9,,47078,34,,,1,11,,47090,34,,,1,12,,47088,34,,,1,12,,47092,34,,,1,49,,47091,34,,,1,12,,47087,34,,,1,10,,47085,34,,,1,9,,47086,34,,,1,10,,47084,34,,,1,10,,47082,34,,,1,49,,47081,34,,,1,9,,47080,34,,,1,10,,47089,34,,,1,12,,47083,34,,,1,11,,47039,34,,,1,53,,47069,34,0,5,1,11,,47040,34,,,1,14,,47041,34,,,1,15,,47042,34,,,1,15,,47043,34,,,1,56,,47044,34,,,1,16,,47045,34,,,1,18,,47047,34,,,1,58,,47048,34,,,1,18,,47046,34,,,1,17,,47050,34,,,1,16,,47049,34,,,1,54,,47051,34,,,1,19,,47052,34,,,1,17,,47053,34,,,1,57,,47054,34,,,1,20,,47055,34,,,1,12,,47106,34,,,1,13,,47107,34,,,1,12,,47105,34,,,1,52,,47108,34,,,1,11,,47109,34,,,1,10,,47110,34,,,1,12,,47111,34,,,1,12,,47112,34,,,1,52,,47113,34,,,1,12,,47114,34,,,1,13,,47115,34,,,1,12,,47116,34,,,1,12,,47117,34,,,1,52,,47118,34,,,1,12,,47120,34,,,1,11,,47121,34,,,1,12,,47122,34,,,1,12,,47119,34,,,1,48,,47123,34,,,1,7,,47138,34,,,1,10,,47124,34,,,1,10,,47125,34,,,1,13,,47126,34,,,1,12,,47127,34,,,1,49,,47128,34,,,1,11,,47129,34,,,1,13,,47130,34,,,1,12,,47131,34,,,1,12,,47132,34,,,1,52,,47133,34,,,1,13,,47134,34,,,1,12,,47135,34,,,1,10,,47136,34,,,1,14,,47077,34,,,1,53,,47057,34,,,1,13,,47058,34,,,1,16,,47056,34,,,1,15,,47064,34,,,1,54,,47070,34,,,1,20,,47065,34,,,1,17,,47066,34,,,1,14,,47073,34,,,1,54,,47072,34,,,1,15,,47075,34,,,1,20,,47068,34,,,1,14,,47061,34,,,1,52,,47062,34,,,1,14,,47074,34,,,1,16,,47076,34,,,1,11,,47060,34,,,1,53,,47071,34,,,1,19,,47063,34,,,1,20,,47059,34,,,1,60,,47038,34,,,1,20,,47067,34,,,1
