304,'Saturday',633,,43092,35,,,1,25,,43094,35,,,1,65,,43095,35,,,1,25,,43096,35,,,1,66,,43097,35,,,1,24,,43091,36,0,5 7,1,62,,43098,35,,,1,28,,43117,36,0,5 7,1,22,,43099,35,,,1,69,,43118,36,0,5 7,1,21,,43100,35,,,1,67,,43119,36,0,5 7,1,22,,43101,35,,,1,28,,43120,36,0,5 7,1,62,,43102,35,,,1,30,,43122,36,0,5 7,1,62,,43103,35,,,1,28,,43123,36,0,5 7,1,62,,43105,35,,,1,29,,43121,36,0,5 7,1,22,,43107,35,,,1,68,,43125,36,0,5 7,1,22,,43109,35,,,1,68,,43126,36,0,5 7,1,22,,43104,35,,,1,68,,43127,36,0,5 7,1,21,,43110,35,,,1,27,,43124,36,0,5 7,1,62,,43106,35,,,1,27,,43128,36,0,5 7,1,22,,43108,35,,,1,68,,43129,36,0,5 7,1,22,,43112,35,,,1,65,,43130,35,,,1,24,,43113,35,,,1,63,,43131,35,,,1,20,,43111,35,,,1,19,,43132,35,,,1,64,,43114,35,,,1,21,,43133,35,,,1,25,,43115,35,,,1,65,,43134,35,,,1,25,,43116,35,,,1,65,,43093,35,,,1
304,'Sunday',744,,43159,36,0,5 7,1,65,,43135,35,,,1,31,,43136,36,0,5 7,1,65,,43160,35,,,1,31,,43145,36,0,5 7,1,20,,43162,35,,,1,70,,43141,36,0,5 7,1,20,,43163,35,,,1,70,,43148,36,0,5 7,1,20,,43164,35,,,1,70,,43150,36,0,5 7,1,20,,43161,35,,,1,29,,43140,36,0,5 7,1,62,,43165,35,,,1,24,,43143,36,0,5 7,1,66,,43166,35,,,1,24,,43153,36,0,5 7,1,22,,43167,35,,,1,68,,43146,36,0,5 7,1,22,,43168,35,,,1,69,,43142,36,0,5 7,1,21,,43138,35,,,1,69,,43137,36,0,5 7,1,20,,43149,35,,,1,29,,43154,36,0,5 7,1,59,,43139,35,,,1,31,,43155,36,0,5 7,1,59,,43151,35,,,1,30,,43157,36,0,5 7,1,21,,43144,35,,,1,69,,43147,36,0,5 7,1,20,,43170,35,,,1,65,,43171,35,,,1,24,,43172,35,,,1,25,,43169,35,,,1,64,,43173,35,,,1,24,,43174,35,,,1,65,,43175,35,,,1,24,,43158,35,,,1,25,,43152,35,,,1,65,,43156,35,,,1
304,'Weekday',432,,43245,35,,,1,20,,43247,35,,,1,57,,43225,35,,,1,15,,43177,35,,,1,15,,43178,35,,,1,15,,43176,35,,,1,55,,43246,35,,,1,15,,43180,35,,,1,15,,43181,35,,,1,15,,43179,35,,,1,55,,43183,35,,,1,15,,43182,35,,,1,19,,43184,35,,,1,60,,43185,36,0,5 7,1,14,,43188,36,0,5 7,1,10,,43191,35,,,1,17,,43189,36,0,5 7,1,11,,43186,35,,,1,61,,43193,36,0,5 7,1,7,,43192,35,,,1,28,,43190,36,0,5 7,1,51,,43187,35,,,1,20,,43194,36,0,5 7,1,10,,43242,35,,,1,20,,43238,36,0,5 7,1,54,,43236,35,,,1,18,,43243,36,0,5 7,1,13,,43233,35,,,1,21,,43237,36,0,5 7,1,50,,43234,35,,,1,20,,43239,36,0,5 7,1,11,,43232,35,,,1,19,,43235,36,0,5 7,1,48,,43244,35,,,1,19,,43241,36,0,5 7,1,13,,43240,35,,,1,16,,43197,36,0,5 7,1,50,,43229,35,,,1,19,,43228,36,0,5 7,1,9,,43195,35,,,1,20,,43227,36,0,5 7,1,50,,43230,35,,,1,21,,43226,36,0,5 7,1,10,,43196,35,,,1,19,,43231,36,0,5 7,1,51,,43207,35,,,1,21,,43200,36,0,5 7,1,9,,43208,35,,,1,19,,43201,36,0,5 7,1,50,,43209,35,,,1,20,,43198,36,0,5 7,1,10,,43211,35,,,1,20,,43199,36,0,5 7,1,50,,43212,35,,,1,15,,43213,35,,,1,20,,43202,36,0,5 7,1,10,,43210,35,,,1,60,,43203,36,0,5 7,1,10,,43214,35,,,1,19,,43204,36,0,5 7,1,11,,43216,35,,,1,59,,43205,36,0,5 7,1,9,,43217,35,,,1,21,,43206,36,0,5 7,1,66,,43218,35,,,1,32,,43219,36,0,5 7,1,25,,43215,35,,,1,68,,43222,35,,,1,30,,43223,35,,,1,70,,43220,35,,,1,30,,43221,35,,,1,70,,43224,35,,,1
404,'Saturday',627,,43528,41,0,8,1,4,,43527,28,,,1,12,,43526,41,0,8,1,12,,43531,28,,,1,52,,43532,41,0,8,1,12,,43563,28,,,1,12,,43529,41,0,8,1,12,,43560,28,,,1,12,,43533,41,0,8,1,53,,43565,28,,,1,12,,43530,41,0,8,1,13,,43567,28,,,1,12,,43534,41,0,8,1,12,,43568,28,,,1,52,,43535,41,0,8,1,12,,43564,28,,,1,12,,43536,41,0,8,1,12,,43569,28,,,1,11,,43537,41,0,8,1,53,,43566,28,,,1,11,,43538,41,0,8,1,13,,43570,28,,,1,12,,43540,41,0,8,1,12,,43571,28,,,1,53,,43541,41,0,8,1,12,,43572,28,,,1,12,,43542,41,0,8,1,12,,43573,28,,,1,12,,43539,41,0,8,1,52,,43574,28,,,1,12,,43543,41,0,8,1,12,,43576,28,,,1,12,,43544,41,0,8,1,12,,43577,28,,,1,52,,43545,41,0,8,1,12,,43578,28,,,1,12,,43547,41,0,8,1,12,,43575,28,,,1,13,,43548,41,0,8,1,53,,43579,28,,,1,12,,43549,41,0,8,1,13,,43580,28,,,1,11,,43546,41,0,8,1,53,,43581,28,,,1,11,,43550,41,0,8,1,13,,43583,28,,,1,12,,43551,41,0,8,1,12,,43584,28,,,1,52,,43552,41,0,8,1,12,,43585,28,,,1,12,,43553,41,0,8,1,10,,43582,28,,,1,13,,43554,41,0,8,1,11,,43586,28,,,1,52,,43555,41,0,8,1,10,,43587,28,,,1,13,,43556,41,0,8,1,11,,43588,28,,,1,13,,43557,41,0,8,1,50,,43589,28,,,1,13,,43559,41,0,8,1,11,,43590,28,,,1,14,,43561,41,0,8,1,10,,43591,28,,,1,54,,43562,41,0,8,1,10,,43592,28,,,1,14,,43558,41,0,8,1,16,,43594,28,,,1,58,,43604,41,0,8,1,12,,43593,28,,,1,14,,43605,41,0,8,1,15,,43595,28,,,1,54,,43606,41,0,8,1,16,,43596,28,,,1,14,,43608,41,0,8,1,16,,43597,28,,,1,54,,43609,41,0,8,1,14,,43598,28,,,1,14,,43610,41,0,8,1,12,,43599,28,,,1,13,,43607,41,0,8,1,57,,43601,28,,,1,13,,43611,41,0,8,1,17,,43602,28,,,1,13,,43612,41,0,8,1,57,,43603,28,,,1,13,,43613,41,0,8,1,17,,43600,28,,,1,13,,43614,41,0,8,1
404,'Sunday',649,,43617,41,0,8,1,57,,43616,28,,,1,15,,43615,41,0,8,1,12,,43619,28,,,1,17,,43655,41,0,8,1,50,,43620,28,,,1,15,,43652,41,0,8,1,15,,43621,28,,,1,15,,43657,41,0,8,1,55,,43622,28,,,1,15,,43658,41,0,8,1,15,,43623,28,,,1,15,,43659,41,0,8,1,55,,43618,28,,,1,15,,43656,41,0,8,1,15,,43624,28,,,1,15,,43660,41,0,8,1,55,,43625,28,,,1,16,,43661,41,0,8,1,16,,43627,28,,,1,15,,43663,41,0,8,1,55,,43628,28,,,1,15,,43664,41,0,8,1,15,,43629,28,,,1,15,,43665,41,0,8,1,55,,43626,28,,,1,16,,43662,41,0,8,1,15,,43630,28,,,1,15,,43666,41,0,8,1,55,,43631,28,,,1,15,,43667,41,0,8,1,15,,43632,28,,,1,15,,43668,41,0,8,1,55,,43633,28,,,1,15,,43669,41,0,8,1,15,,43634,28,,,1,15,,43670,41,0,8,1,54,,43635,28,,,1,14,,43671,41,0,8,1,15,,43637,28,,,1,15,,43673,41,0,8,1,55,,43638,28,,,1,15,,43674,41,0,8,1,15,,43639,28,,,1,15,,43675,41,0,8,1,55,,43636,28,,,1,15,,43672,41,0,8,1,15,,43640,28,,,1,16,,43676,41,0,8,1,54,,43641,28,,,1,16,,43677,41,0,8,1,13,,43642,28,,,1,14,,43678,41,0,8,1,56,,43643,28,,,1,13,,43679,41,0,8,1,16,,43645,28,,,1,13,,43681,41,0,8,1,17,,43646,28,,,1,54,,43682,41,0,8,1,16,,43647,28,,,1,14,,43683,41,0,8,1,16,,43644,28,,,1,54,,43680,41,0,8,1,15,,43648,28,,,1,13,,43684,41,0,8,1,10,,43650,28,,,1,54,,43686,41,0,8,1,16,,43651,28,,,1,13,,43687,41,0,8,1,17,,43653,28,,,1,53,,43688,41,0,8,1,17,,43649,28,,,1,13,,43685,41,0,8,1,17,,43654,28,,,1,53,,43689,41,0,8,1
404,'Weekday',445,,43691,41,0,8,1,10,,43694,28,,,1,50,,43695,41,0,8,1,10,,43692,28,,,1,10,,43693,41,0,8,1,10,,43690,28,,,1,10,,43697,41,0,8,1,10,,43702,28,,,1,53,,43707,41,0,8,1,7,,43696,28,,,1,13,,43713,41,0,8,1,7,,43698,28,,,1,12,,43699,41,0,8,1,10,,43700,28,,,1,50,,43701,41,0,8,1,13,,43703,28,,,1,8,,43704,41,0,8,1,12,,43706,28,,,1,11,,43705,41,0,8,1,50,,43710,28,,,1,12,,43708,41,0,8,1,11,,43711,28,,,1,10,,43712,41,0,8,1,10,,43709,28,,,1,8,,43717,41,0,8,1,7,,43714,41,0,8,1,52,,43715,28,,,1,5,,43716,41,0,8,1,11,,43718,28,,,1,10,,43721,41,0,8,1,9,,43719,28,,,1,7,,43722,41,0,8,1,51,,43723,28,,,1,6,,43720,41,0,8,1,10,,43724,28,,,1,9,,43725,41,0,8,1,11,,43726,28,,,1,11,,43727,41,0,8,1,49,,43728,28,,,1,9,,43729,41,0,8,1,9,,43730,28,,,1,11,,43731,41,0,8,1,9,,43732,28,,,1,14,,43733,41,0,8,1,6,,43734,28,,,1,53,,43735,41,0,8,1,9,,43740,28,,,1,9,,43736,41,0,8,1,9,,43737,28,,,1,14,,43738,41,0,8,1,6,,43739,28,,,1,52,,43741,41,0,8,1,14,,43742,28,,,1,10,,43743,41,0,8,1,8,,43744,28,,,1,15,,43745,41,0,8,1,49,,43746,28,,,1,11,,43748,41,0,8,1,14,,43747,28,,,1,5,,43749,41,0,8,1,10,,43750,28,,,1,12,,43751,41,0,8,1,47,,43752,28,,,1,13,,43753,41,0,8,1,12,,43755,28,,,1,8,,43754,41,0,8,1,8,,43757,28,,,1,13,,43756,41,0,8,1,51,,43759,28,,,1,9,,43758,41,0,8,1,7,,43760,28,,,1,12,,43761,41,0,8,1,8,,43762,28,,,1,13,,43763,41,0,8,1,48,,43764,28,,,1,13,,43765,41,0,8,1,6,,43766,28,,,1,12,,43767,41,0,8,1,8,,43768,28,,,1,12,,43769,41,0,8,1,48,,43770,28,,,1,11,,43771,41,0,8,1,6,,43772,28,,,1,14,,43773,41,0,8,1,11,,43774,28,,,1,55,,43775,41,0,8,1,4,,43776,28,,,1,9,,43777,41,0,8,1,11,,43779,28,,,1,13,,43778,41,0,8,1,7,,43780,28,,,1,53,,43781,41,0,8,1,11,,43782,28,,,1,13,,43783,41,0,8,1,11,,43784,28,,,1,12,,43792,41,0,8,1,53,,43785,28,,,1,13,,43797,41,0,8,1,7,,43786,28,,,1,13,,43798,41,0,8,1,13,,43787,28,,,1,54,,43795,41,0,8,1,10,,43788,28,,,1,13,,43794,41,0,8,1,11,,43789,28,,,1,12,,43793,41,0,8,1,12,,43790,28,,,1,52,,43796,41,0,8,1,11,,43791,28,,,1,9,,43799,41,0,8,1,13,,43800,28,,,1,13,,43806,41,0,8,1,51,,43807,28,,,1,13,,43802,41,0,8,1,11,,43805,28,,,1,13,,43809,41,0,8,1,11,,43803,28,,,1,53,,43810,41,0,8,1,11,,43804,28,,,1,13,,43812,41,0,8,1,13,,43801,28,,,1,11,,43811,41,0,8,1,53,,43808,28,,,1
1101,'Saturday',446,,45023,17,,,1,82,,45026,17,,,1,80,,45027,17,,,1,41,,45025,17,,,1,81,,45024,17,,,1,80,,45028,17,,,1,42,,45035,17,,,1,88,,45037,17,,,1,81,,45039,17,,,1,82,,45040,17,,,1,42,,45038,17,,,1,82,,45042,17,,,1,82,,45043,17,,,1,42,,45041,17,,,1,82,,45044,17,,,1,86,,45058,17,,,1,84,,45059,17,,,1,46,,45061,17,,,1,82,,45062,17,,,1,84,,45060,17,,,1,44,,45063,17,,,1,86,,45067,17,,,1,84,,45068,17,,,1,88,,45069,17,,,1,94,,45071,17,,,1,94,,45074,17,,,1,105,,45075,17,,,1
1101,'Sunday',530,,45082,17,,,1,80,,45079,17,,,1,40,,45078,17,,,1,80,,45076,17,,,1,80,,45083,17,,,1,40,,45085,17,,,1,80,,45088,17,,,1,80,,45089,17,,,1,40,,45092,17,,,1,80,,45091,17,,,1,80,,45095,17,,,1,40,,45097,17,,,1,80,,45099,17,,,1,80,,45100,17,,,1,40,,45102,17,,,1,83,,45105,17,,,1,82,,45109,17,,,1,42,,45110,17,,,1,82,,45114,17,,,1,79,,45112,17,,,1,41,,45111,17,,,1,86,,45116,17,,,1,86,,45117,17,,,1,84,,45125,17,,,1,85,,45122,17,,,1,48,,45121,17,,,1,86,,45128,17,,,1,80,,45129,17,,,1
1101,'Weekday',436,,45200,17,,,1,73,,45201,17,,,1,34,,45199,17,,,1,74,,45197,17,,,1,28,,45206,17,,,1,68,,45203,17,,,1,28,,45202,17,,,1,14,,45212,17,,,1,54,,45183,17,,,1,28,,45181,17,,,1,71,,45182,17,,,1,26,,45195,17,,,1,74,,45186,17,,,1,33,,45187,17,,,1,72,,45172,17,,,1,39,,45174,17,,,1,77,,45160,17,,,1,30,,45161,17,,,1,55,,45159,19,0,9 10,1,19,,45189,17,,,1,74,,45192,17,,,1,28,,45154,17,,,1,71,,45155,17,,,1,31,,45210,17,,,1,73,,45169,19,0,9 11,1,23,,45213,19,0,9 11,1,67,,45170,17,,,1,27,,45145,17,,,1,29,,45190,17,,,1,69,,45143,17,,,1,25,,45164,17,,,1,64,,45175,17,,,1,28,,45173,17,,,1,70,,45136,17,,,1,35,,45134,17,,,1,74,,45139,17,,,1,23,,45150,19,0,9 11,1,61,,45148,17,,,1,37,,45137,17,,,1,90,,45141,17,,,1,72,,45131,16,0,9 10,1,19,,45147,17,,,1,16,,45130,16,0,9 10,1,17,,45133,17,,,1,75,,45158,17,,,1
5301,'Saturday',605,,50067,13,,,1,30,,50076,13,,,1,70,,50064,13,,,1,30,,50077,13,,,1,70,,50072,13,,,1,30,,50078,13,,,1,70,,50074,13,,,1,30,,50079,13,,,1,70,,50075,13,,,1,30,,50080,13,,,1,70,,50070,13,,,1,31,,50081,13,,,1,70,,50069,13,,,1,30,,50082,13,,,1,70,,50063,13,,,1,30,,50083,13,,,1,70,,50068,13,,,1,30,,50084,13,,,1,70,,50066,13,,,1,30,,50085,13,,,1,70,,50065,13,,,1,30,,50086,13,,,1,70,,50062,13,,,1,30,,50087,13,,,1,70,,50071,13,,,1,30,,50088,13,,,1,69,,50073,13,,,1
5301,'Sunday',834,,50089,13,,,1,71,,50090,13,,,1,30,,50091,13,,,1,70,,50092,13,,,1,30,,50093,13,,,1,70,,50094,13,,,1,31,,50095,13,,,1,70,,50096,13,,,1,32,,50097,13,,,1,68,,50098,13,,,1,32,,50099,13,,,1,68,,50100,13,,,1,34,,50102,13,,,1,66,,50101,13,,,1,34,,50105,13,,,1,66,,50103,13,,,1,34,,50104,13,,,1,66,,50107,13,,,1,34,,50108,13,,,1,66,,50106,13,,,1,33,,50109,13,,,1,66,,50110,13,,,1,34,,50111,13,,,1
5301,'Weekday',533,,50113,13,,,1,16,,50116,13,,,1,67,,50118,13,,,1,30,,50119,13,,,1,63,,50117,13,,,1,29,,50120,13,,,1,21,,50121,13,,,1,65,,50123,13,,,1,23,,50124,13,,,1,67,,50125,13,,,1,3,,50159,19,0,5,1,28,,50122,13,,,1,67,,50126,13,,,1,5,,50156,19,0,5,1,30,,50127,13,,,1,65,,50128,13,,,1,35,,50129,13,,,1,64,,50131,13,,,1,30,,50132,13,,,1,67,,50133,13,,,1,33,,50134,13,,,1,6,,50158,19,0,5,1,65,,50136,13,,,1,31,,50130,13,,,1,14,,50157,19,0,5,1,57,,50137,13,,,1,24,,50135,13,,,1,20,,50138,13,,,1,70,,50139,13,,,1,25,,50140,13,,,1,65,,50142,13,,,1,25,,50143,13,,,1,65,,50144,13,,,1,24,,50141,13,,,1,25,,50145,13,,,1,68,,50146,13,,,1,21,,50147,13,,,1,75,,50148,13,,,1,29,,50149,13,,,1,68,,50150,13,,,1,29,,50151,13,,,1,68,,50152,13,,,1,32,,50153,13,,,1,67,,50154,13,,,1,30,,50155,13,,,1,67,,50114,13,,,1,29,,50115,13,,,1,74,,50112,13,,,1
5400,'Saturday',532,,50256,23,,,1,15,,50286,23,,,1,55,,50257,23,,,1,15,,50287,23,,,1,15,,50258,23,,,1,15,,50288,23,,,1,55,,50259,23,,,1,15,,50289,23,,,1,15,,50261,23,,,1,15,,50291,23,,,1,55,,50263,23,,,1,15,,50292,23,,,1,15,,50260,23,,,1,15,,50293,23,,,1,55,,50264,23,,,1,16,,50290,23,,,1,15,,50262,23,,,1,15,,50294,23,,,1,55,,50265,23,,,1,15,,50297,23,,,1,15,,50266,23,,,1,15,,50299,23,,,1,55,,50267,23,,,1,15,,50296,23,,,1,15,,50268,23,,,1,15,,50295,23,,,1,55,,50269,23,,,1,15,,50300,23,,,1,15,,50270,23,,,1,15,,50301,23,,,1,55,,50271,23,,,1,15,,50302,23,,,1,15,,50272,23,,,1,15,,50303,23,,,1,55,,50273,23,,,1,15,,50298,23,,,1,15,,50275,23,,,1,15,,50304,23,,,1,55,,50276,23,,,1,16,,50305,23,,,1,15,,50277,23,,,1,15,,50306,23,,,1,55,,50274,23,,,1,15,,50307,23,,,1,15,,50278,23,,,1,15,,50308,23,,,1,55,,50280,23,,,1,15,,50309,23,,,1,15,,50281,23,,,1,15,,50310,23,,,1,55,,50282,23,,,1,15,,50284,23,,,1,15,,50279,23,,,1,15,,50285,23,,,1,55,,50283,23,,,1
5400,'Sunday',802,,50311,23,,,1,15,,50312,23,,,1,15,,50314,23,,,1,15,,50313,23,,,1,55,,50316,23,,,1,16,,50315,23,,,1,15,,50318,23,,,1,15,,50317,23,,,1,55,,50321,23,,,1,15,,50319,23,,,1,15,,50320,23,,,1,15,,50322,23,,,1,55,,50325,23,,,1,15,,50324,23,,,1,15,,50326,23,,,1,15,,50323,23,,,1,55,,50328,23,,,1,15,,50327,23,,,1,15,,50329,23,,,1,15,,50330,23,,,1,55,,50331,23,,,1,15,,50333,23,,,1,15,,50334,23,,,1,15,,50332,23,,,1,55,,50335,23,,,1,15,,50337,23,,,1,15,,50339,23,,,1,15,,50336,23,,,1,55,,50340,23,,,1,16,,50338,23,,,1,15,,50344,23,,,1,15,,50343,23,,,1,55,,50347,23,,,1,15,,50341,23,,,1,15,,50345,23,,,1,15,,50342,23,,,1,55,,50346,23,,,1,15,,50350,23,,,1,15,,50353,23,,,1,15,,50349,23,,,1,55,,50352,23,,,1,15,,50351,23,,,1,15,,50354,23,,,1,15,,50348,23,,,1,55,,50355,23,,,1
5400,'Weekday',522,,50372,23,,,1,18,,50365,23,,,1,8,,50359,23,,,1,58,,50374,23,,,1,8,,50366,23,,,1,12,,50357,23,,,1,15,,50370,23,,,1,9,,50364,23,,,1,57,,50360,23,,,1,12,,50373,23,,,1,14,,50367,23,,,1,5,,50358,23,,,1,12,,50371,23,,,1,53,,50368,23,,,1,11,,50356,23,,,1,14,,50375,23,,,1,15,,50362,23,,,1,12,,50361,23,,,1,55,,50376,23,,,1,16,,50363,23,,,1,14,,50377,23,,,1,19,,50369,23,,,1,57,,50379,23,,,1,19,,50380,23,,,1,20,,50381,23,,,1,61,,50378,23,,,1,19,,50382,23,,,1,20,,50383,23,,,1,60,,50385,23,,,1,20,,50388,23,,,1,19,,50387,23,,,1,61,,50384,23,,,1,20,,50389,23,,,1,20,,50386,23,,,1,57,,50390,23,,,1,23,,50392,23,,,1,20,,50393,23,,,1,61,,50394,23,,,1,19,,50391,23,,,1,21,,50395,23,,,1,60,,50396,23,,,1,20,,50398,23,,,1,20,,50397,23,,,1,60,,50400,23,,,1,17,,50399,23,,,1,23,,50401,23,,,1,60,,50403,23,,,1,20,,50402,23,,,1,18,,50404,23,,,1,62,,50405,23,,,1,20,,50406,23,,,1,20,,50407,23,,,1,60,,50408,23,,,1,25,,50409,23,,,1,15,,50410,23,,,1,60,,50411,23,,,1,18,,50412,23,,,1,22,,50413,23,,,1,65,,50415,23,,,1,31,,50416,23,,,1,76,,50417,23,,,1,76,,50414,23,,,1,36,,50418,23,,,1,77,,50419,23,,,1
10404,'Weekday',532,,50979,11,,,1,18,,50981,11,,,1,54,,51004,11,,,1,21,,51018,11,,,1,16,,50976,11,,,1,61,,50982,11,,,1,14,,51005,11,,,1,21,,51017,11,,,1,13,,50975,11,,,1,59,,50980,11,,,1,23,,51003,11,,,1,18,,51022,11,,,1,57,,50978,11,,,1,15,,50985,11,,,1,19,,51009,11,,,1,59,,51021,11,,,1,16,,50977,11,,,1,19,,50983,11,,,1,21,,51006,11,,,1,57,,51019,11,,,1,20,,50984,11,,,1,14,,50986,11,,,1,59,,51007,11,,,1,19,,51020,11,,,1,20,,50987,11,,,1,60,,50988,11,,,1,11,,51008,11,,,1,21,,51024,11,,,1,16,,50989,11,,,1,55,,50990,11,,,1,16,,51010,11,,,1,28,,51023,11,,,1,59,,50991,11,,,1,14,,50992,11,,,1,27,,51016,11,,,1,50,,51026,11,,,1,18,,50993,11,,,1,20,,50994,11,,,1,62,,51013,11,,,1,12,,51027,11,,,1,18,,50995,11,,,1,18,,50996,11,,,1,58,,51015,11,,,1,18,,51028,11,,,1,16,,50997,11,,,1,15,,50998,11,,,1,62,,51011,11,,,1,15,,51025,11,,,1,19,,50999,11,,,1,61,,51000,11,,,1,17,,51012,11,,,1,14,,51029,11,,,1,63,,51002,11,,,1,17,,51001,11,,,1,16,,51014,11,,,1,13,,51030,11,,,1
