204,'Saturday',614,,42807,6,,,1,27,,42845,6,,,1,72,,42839,6,,,1,29,,42842,6,,,1,72,,42844,6,,,1,30,,42843,6,,,1,70,,42841,6,,,1,30,,42840,6,,,1,70,,42835,6,,,1,30,,42838,6,,,1,70,,42837,6,,,1,30,,42846,6,,,1,70,,42836,6,,,1,30,,42834,6,,,1,71,,42830,6,,,1,30,,42829,6,,,1,70,,42833,6,,,1,30,,42832,6,,,1,70,,42831,6,,,1,30,,42828,6,,,1,70,,42827,6,,,1,30,,42823,6,,,1,69,,42826,6,,,1,30,,42821,6,,,1,70,,42825,6,,,1,30,,42824,6,,,1,70,,42822,6,,,1,30,,42820,6,,,1,70,,42818,6,,,1,30,,42817,6,,,1,70,,42816,6,,,1,30,,42819,6,,,1,70,,42812,6,,,1,30,,42813,6,,,1,70,,42815,6,,,1,30,,42814,6,,,1,70,,42810,6,,,1,30,,42811,6,,,1
204,'Sunday',704,,42847,6,,,1,33,,42850,6,,,1,73,,42852,6,,,1,33,,42849,6,,,1,73,,42853,6,,,1,33,,42851,6,,,1,73,,42854,6,,,1,33,,42855,6,,,1,73,,42856,6,,,1,73,,42857,6,,,1,33,,42859,6,,,1,73,,42860,6,,,1,33,,42861,6,,,1,73,,42858,6,,,1,33,,42863,6,,,1,73,,42864,6,,,1,33,,42865,6,,,1,73,,42862,6,,,1,33,,42877,6,,,1,73,,42874,6,,,1,73,,42873,6,,,1,33,,42872,6,,,1,73,,42876,6,,,1,33,,42875,6,,,1,73,,42870,6,,,1,33,,42869,6,,,1,73,,42871,6,,,1,33,,42866,6,,,1,73,,42868,6,,,1,73,,42867,6,,,1,33,,42848,6,,,1
204,'Weekday',444,,42932,6,,,1,62,,42931,6,,,1,22,,42930,6,,,1,16,,42928,6,,,1,68,,42927,6,,,1,22,,42926,6,,,1,18,,42922,6,,,1,61,,42933,6,,,1,19,,42925,6,,,1,26,,42920,6,,,1,68,,42924,6,,,1,20,,42929,6,,,1,60,,42923,6,,,1,22,,42918,6,,,1,22,,42921,6,,,1,65,,42919,6,,,1,21,,42917,6,,,1,20,,42916,6,,,1,58,,42915,6,,,1,27,,42914,6,,,1,64,,42911,6,,,1,22,,42910,6,,,1,16,,42913,6,,,1,57,,42912,6,,,1,29,,42909,6,,,1,27,,42908,6,,,1,60,,42907,6,,,1,15,,42906,6,,,1,19,,42905,6,,,1,68,,42904,6,,,1,24,,42900,6,,,1,62,,42899,6,,,1,17,,42903,6,,,1,24,,42902,6,,,1,67,,42901,6,,,1,25,,42898,6,,,1,63,,42894,6,,,1,21,,42897,6,,,1,24,,42896,6,,,1,66,,42895,6,,,1,26,,42893,6,,,1,20,,42892,6,,,1,62,,42891,6,,,1,23,,42890,6,,,1,58,,42889,6,,,1,19,,42885,6,,,1,23,,42888,6,,,1,60,,42887,6,,,1,22,,42886,6,,,1,34,,42884,6,,,1,71,,42883,6,,,1,71,,42882,6,,,1,28,,42881,6,,,1
703,'Saturday',611,,44199,60,,,1,16,,44191,60,,,1,17,,44195,60,,,1,56,,44200,60,,,1,19,,44194,60,,,1,14,,44201,60,,,1,16,,44224,60,,,1,56,,44202,60,,,1,15,,44225,60,,,1,16,,44203,60,,,1,17,,44226,60,,,1,57,,44205,60,,,1,17,,44256,60,,,1,17,,44206,60,,,1,56,,44227,60,,,1,17,,44207,60,,,1,17,,44228,60,,,1,15,,44204,60,,,1,57,,44229,60,,,1,18,,44208,60,,,1,16,,44230,60,,,1,16,,44209,60,,,1,58,,44231,60,,,1,18,,44210,60,,,1,17,,44232,60,,,1,56,,44211,60,,,1,15,,44233,60,,,1,17,,44212,60,,,1,15,,44234,60,,,1,55,,44213,60,,,1,14,,44235,60,,,1,16,,44214,60,,,1,16,,44236,60,,,1,56,,44215,60,,,1,15,,44237,60,,,1,17,,44216,60,,,1,16,,44238,60,,,1,58,,44217,60,,,1,16,,44239,60,,,1,16,,44255,60,,,1,56,,44241,60,,,1,15,,44218,60,,,1,17,,44242,60,,,1,16,,44219,60,,,1,56,,44243,60,,,1,14,,44220,60,,,1,16,,44240,60,,,1,16,,44221,60,,,1,57,,44244,60,,,1,19,,44222,60,,,1,15,,44245,60,,,1,57,,44223,60,,,1,12,,44246,60,,,1,17,,44248,60,,,1,19,,44247,60,,,1,57,,44249,60,,,1,38,,44250,60,,,1,71,,44251,60,,,1,30,,44252,60,,,1,71,,44253,60,,,1,30,,44254,60,,,1,70,,44196,60,,,1,32,,44198,60,,,1
703,'Sunday',659,,44317,38,,,1,68,,44318,60,,,1,19,,44258,60,,,1,54,,44278,60,,,1,17,,44291,60,,,1,13,,44274,60,,,1,16,,44304,60,,,1,55,,44308,60,,,1,16,,44289,60,,,1,17,,44264,60,,,1,14,,44305,60,,,1,55,,44275,60,,,1,14,,44288,60,,,1,16,,44273,60,,,1,17,,44302,60,,,1,55,,44312,60,,,1,15,,44286,60,,,1,14,,44268,60,,,1,15,,44303,60,,,1,56,,44280,60,,,1,14,,44285,60,,,1,16,,44271,60,,,1,15,,44301,60,,,1,55,,44313,60,,,1,13,,44306,60,,,1,15,,44293,60,,,1,15,,44300,60,,,1,55,,44279,60,,,1,18,,44284,60,,,1,15,,44270,60,,,1,15,,44299,60,,,1,55,,44263,60,,,1,11,,44307,60,,,1,15,,44265,60,,,1,16,,44295,60,,,1,55,,44276,60,,,1,17,,44283,60,,,1,15,,44267,60,,,1,15,,44298,60,,,1,55,,44269,60,,,1,15,,44309,60,,,1,14,,44262,60,,,1,14,,44297,60,,,1,55,,44272,60,,,1,16,,44282,60,,,1,16,,44266,60,,,1,16,,44296,60,,,1,71,,44310,60,,,1,29,,44294,60,,,1,54,,44281,60,,,1,13,,44316,60,,,1,19,,44287,60,,,1,65,,44311,60,,,1,24,,44259,60,,,1,24,,44277,60,,,1,65,,44292,60,,,1,23,,44314,60,,,1,69,,44315,60,,,1,31,,44261,60,,,1
703,'Weekday',459,,44320,38,,,1,56,,44344,38,,,1,15,,44343,38,,,1,15,,44342,38,,,1,14,,44341,60,,,1,56,,44340,60,,,1,18,,44339,60,,,1,21,,44405,60,,,1,57,,44406,60,,,1,17,,44407,60,,,1,15,,44408,60,,,1,57,,44410,60,,,1,15,,44411,60,,,1,16,,44412,60,,,1,17,,44409,60,,,1,56,,44414,60,,,1,17,,44415,60,,,1,16,,44416,60,,,1,17,,44413,60,,,1,56,,44417,60,,,1,17,,44418,60,,,1,16,,44419,60,,,1,14,,44420,60,,,1,57,,44421,60,,,1,16,,44422,60,,,1,15,,44423,60,,,1,56,,44424,60,,,1,14,,44425,60,,,1,18,,44426,60,,,1,16,,44427,60,,,1,55,,44428,60,,,1,16,,44429,60,,,1,16,,44430,60,,,1,19,,44431,60,,,1,57,,44432,60,,,1,18,,44433,60,,,1,17,,44434,60,,,1,55,,44435,60,,,1,5,,44438,60,,,1,12,,44436,60,,,1,13,,44437,60,,,1,20,,44439,60,,,1,59,,44440,60,,,1,20,,44441,60,,,1,18,,44442,60,,,1,59,,44445,60,,,1,8,,44446,60,,,1,12,,44443,60,,,1,72,,44447,60,,,1,18,,44444,60,,,1,18,,44350,60,,,1,16,,44348,60,,,1,56,,44353,60,,,1,28,,44355,60,,,1,17,,44354,60,,,1,47,,44349,60,,,1,25,,44352,60,,,1,10,,44351,60,,,1,8,,44334,60,,,1,57,,44335,60,,,1,23,,44332,60,,,1,16,,44328,60,,,1,15,,44329,60,,,1,57,,44338,60,,,1,30,,44327,60,,,1,60,,44333,60,,,1,14,,44326,60,,,1,30,,44337,60,,,1,63,,44324,60,,,1,20,,44330,60,,,1,80,,44336,60,,,1,29,,44322,60,,,1
2302,'Saturday',613,,47420,72,,,1,30,,47422,72,,,1,70,,47442,72,,,1,32,,47441,72,,,1,80,,47445,72,,,1,32,,47444,72,,,1,66,,47448,72,,,1,28,,47449,72,,,1,64,,47446,72,,,1,28,,47447,72,,,1,69,,47450,72,,,1,28,,47453,72,,,1,68,,47454,72,,,1,27,,47451,72,,,1,70,,47452,72,,,1,28,,47443,72,,,1,68,,47432,72,,,1,29,,47435,72,,,1,26,,47436,72,,,1,68,,47437,72,,,1,30,,47434,72,,,1,70,,47433,72,,,1,30,,47439,72,,,1,70,,47440,72,,,1,28,,47438,72,,,1,68,,47424,72,,,1,27,,47425,72,,,1,68,,47421,72,,,1,30,,47431,72,,,1,72,,47423,72,,,1,30,,47427,72,,,1,70,,47429,72,,,1,29,,47426,72,,,1,68,,47428,72,,,1,29,,47430,72,,,1,70,,47458,72,,,1,30,,47457,72,,,1,70,,47456,72,,,1,30,,47455,72,,,1
2302,'Sunday',823,,47485,72,,,1,29,,47459,72,,,1,66,,47462,72,,,1,25,,47463,72,,,1,69,,47464,72,,,1,28,,47461,72,,,1,68,,47465,72,,,1,28,,47466,72,,,1,71,,47460,72,,,1,25,,47468,72,,,1,70,,47470,72,,,1,28,,47467,72,,,1,25,,47471,72,,,1,68,,47469,72,,,1,31,,47473,72,,,1,69,,47474,72,,,1,28,,47475,72,,,1,69,,47472,72,,,1,28,,47476,72,,,1,70,,47490,72,,,1,30,,47480,72,,,1,70,,47481,72,,,1,26,,47478,72,,,1,68,,47477,72,,,1,28,,47482,72,,,1,69,,47483,72,,,1,25,,47484,72,,,1,68,,47479,72,,,1,25,,47488,72,,,1,28,,47489,72,,,1,68,,47486,72,,,1,27,,47487,72,,,1
2302,'Weekday',531,,47491,72,,,1,16,,47501,72,,,1,57,,47502,72,,,1,13,,47500,72,,,1,16,,47504,72,,,1,16,,47506,72,,,1,55,,47507,72,,,1,15,,47508,72,,,1,15,,47505,72,,,1,15,,47509,72,,,1,55,,47503,72,,,1,15,,47510,72,,,1,16,,47511,72,,,1,20,,47512,72,,,1,57,,47513,72,,,1,17,,47498,72,,,1,19,,47494,72,,,1,65,,47496,72,,,1,29,,47514,72,,,1,71,,47515,72,,,1,31,,47516,72,,,1,70,,47517,72,,,1,30,,47518,72,,,1,69,,47519,72,,,1,32,,47520,72,,,1,71,,47521,72,,,1,30,,47497,72,,,1,63,,47545,72,,,1,20,,47542,72,,,1,21,,47544,72,,,1,55,,47541,72,,,1,16,,47543,72,,,1,17,,47540,72,,,1,17,,47522,72,,,1,54,,47523,72,,,1,15,,47524,72,,,1,13,,47525,72,,,1,15,,47526,72,,,1,55,,47527,72,,,1,15,,47528,72,,,1,15,,47529,72,,,1,15,,47530,72,,,1,55,,47531,72,,,1,14,,47492,72,,,1,15,,47499,72,,,1,13,,47495,72,,,1,55,,47493,72,,,1,34,,47533,72,,,1,73,,47534,72,,,1,33,,47535,72,,,1,67,,47532,72,,,1,35,,47536,72,,,1,74,,47537,72,,,1,34,,47538,72,,,1,74,,47539,72,,,1
2802,'Saturday',535,,48100,6,0,5,1,65,,48115,6,,,1,25,,48101,6,0,5,1,25,,48116,6,,,1,65,,48098,6,0,5,1,25,,48119,6,,,1,65,,48099,6,0,5,1,25,,48120,6,,,1,25,,48102,6,0,5,1,65,,48121,6,,,1,25,,48104,6,0,5,1,65,,48117,6,,,1,25,,48105,6,0,5,1,65,,48118,6,,,1,25,,48106,6,0,5,1,25,,48122,6,,,1,65,,48103,6,0,5,1,25,,48124,6,,,1,65,,48107,6,0,5,1,25,,48125,6,,,1,25,,48108,6,0,5,1,65,,48126,6,,,1,25,,48109,6,0,5,1,65,,48123,6,,,1,25,,48111,6,0,5,1,65,,48127,6,,,1,25,,48112,6,0,5,1,25,,48128,6,,,1,65,,48113,6,0,5,1,25,,48129,6,,,1,65,,48110,6,0,5,1,25,,48130,6,,,1,25,,48114,6,0,5,1
2802,'Sunday',535,,48145,6,0,5,1,65,,48135,6,,,1,25,,48132,6,0,5,1,25,,48141,6,,,1,65,,48137,6,0,5,1,25,,48131,6,,,1,65,,48144,6,0,5,1,25,,48134,6,,,1,25,,48133,6,0,5,1,65,,48139,6,,,1,25,,48138,6,0,5,1,65,,48136,6,,,1,25,,48143,6,0,5,1,65,,48140,6,,,1,25,,48147,6,0,5,1,25,,48142,6,,,1,65,,48148,6,0,5,1,25,,48146,6,,,1,65,,48150,6,0,5,1,25,,48149,6,,,1,25,,48151,6,0,5,1,65,,48152,6,,,1,25,,48153,6,0,5,1,65,,48155,6,,,1,25,,48154,6,0,5,1,65,,48156,6,,,1,25,,48157,6,0,5,1,25,,48158,6,,,1,65,,48159,6,0,5,1,25,,48160,6,,,1,65,,48161,6,0,5,1,25,,48162,6,,,1,25,,48163,6,0,5,1
2802,'Weekday',513,,48204,6,,,1,18,,48164,6,0,5,1,14,,48185,6,,,1,62,,48165,6,0,5,1,28,,48186,6,,,1,22,,48166,6,0,5,1,58,,48187,6,,,1,19,,48167,6,0,5,1,23,,48184,6,,,1,60,,48168,6,0,5,1,20,,48188,6,,,1,20,,48169,6,0,5,1,60,,48189,6,,,1,20,,48170,6,0,5,1,63,,48190,6,,,1,17,,48171,6,0,5,1,20,,48191,6,,,1,19,,48172,6,0,5,1,61,,48192,6,,,1,20,,48174,6,0,5,1,19,,48193,6,,,1,61,,48175,6,0,5,1,20,,48194,6,,,1,19,,48176,6,0,5,1,61,,48195,6,,,1,20,,48177,6,0,5,1,20,,48196,6,,,1,60,,48178,6,0,5,1,20,,48197,6,,,1,20,,48173,6,0,5,1,60,,48198,6,,,1,20,,48179,6,0,5,1,20,,48199,6,,,1,60,,48180,6,0,5,1,19,,48200,6,,,1,21,,48181,6,0,5,1,60,,48201,6,,,1,19,,48182,6,0,5,1,21,,48202,6,,,1,60,,48183,6,0,5,1,20,,48203,6,,,1
