603,'Saturday',804,,44043,44,,,1,45,,44029,44,,,1,85,,44030,44,,,1,84,,44031,44,,,1,85,,44032,44,,,1,45,,44028,44,,,1,87,,44034,44,,,1,85,,44033,44,,,1,86,,44036,44,,,1,46,,44037,44,,,1,86,,44035,44,,,1,85,,44038,44,,,1,85,,44040,44,,,1,45,,44041,44,,,1,85,,44039,44,,,1,85,,44042,44,,,1
603,'Sunday',917,,44045,44,,,1,85,,44044,44,,,1,46,,44047,44,,,1,85,,44048,44,,,1,85,,44049,44,,,1,85,,44050,44,,,1,48,,44051,44,,,1,86,,44046,44,,,1,85,,44052,44,,,1,85,,44053,44,,,1,45,,44054,44,,,1,85,,44055,44,,,1,84,,44056,44,,,1,85,,44057,44,,,1,44,,44058,44,,,1
603,'Weekday',640,,44059,44,,,1,19,,44061,44,,,1,61,,44065,44,,,1,20,,44066,44,,,1,19,,44062,44,,,1,61,,44067,44,,,1,22,,44064,44,,,1,17,,44069,44,,,1,60,,44063,44,,,1,20,,44068,44,,,1,63,,44060,44,,,1,30,,44083,44,,,1,22,,44081,44,,,1,59,,44074,44,,,1,21,,44077,44,,,1,66,,44079,44,,,1,22,,44075,44,,,1,20,,44072,44,,,1,64,,44078,44,,,1,24,,44070,44,,,1,22,,44076,44,,,1,61,,44073,44,,,1,25,,44082,44,,,1,65,,44071,44,,,1,27,,44080,44,,,1,25,,44085,44,,,1,60,,44086,44,,,1,21,,44084,44,,,1,20,,44087,44,,,1,60,,44088,44,,,1,20,,44089,44,,,1,20,,44090,44,,,1,60,,44091,44,,,1,20,,44093,44,,,1,19,,44094,44,,,1,60,,44095,44,,,1,14,,44092,44,,,1,20,,44096,44,,,1,60,,44100,44,,,1,21,,44097,44,,,1,22,,44098,44,,,1,65,,44099,44,,,1,25,,44101,44,,,1,62,,44102,44,,,1,27,,44103,44,,,1,27,,44104,44,,,1,72,,44105,44,,,1,70,,44106,44,,,1
2302,'Saturday',622,,47420,96,,,1,30,,47422,96,,,1,70,,47442,96,,,1,32,,47441,96,,,1,80,,47445,96,,,1,72,,47444,96,,,1,26,,47448,96,,,1,68,,47449,96,,,1,24,,47446,96,,,1,28,,47447,96,,,1,69,,47450,96,,,1,28,,47453,96,,,1,68,,47454,96,,,1,27,,47451,96,,,1,71,,47452,96,,,1,28,,47443,96,,,1,68,,47432,96,,,1,29,,47435,96,,,1,66,,47436,96,,,1,28,,47437,96,,,1,70,,47434,96,,,1,30,,47433,96,,,1,70,,47439,96,,,1,30,,47440,96,,,1,68,,47438,96,,,1,29,,47424,96,,,1,27,,47425,96,,,1,67,,47421,96,,,1,30,,47431,96,,,1,72,,47423,96,,,1,30,,47427,96,,,1,69,,47429,96,,,1,29,,47426,96,,,1,68,,47428,96,,,1,29,,47430,96,,,1,70,,47458,96,,,1,30,,47457,96,,,1,70,,47456,96,,,1,30,,47455,96,,,1
2302,'Sunday',836,,47485,96,,,1,69,,47459,96,,,1,26,,47462,96,,,1,25,,47463,96,,,1,69,,47464,96,,,1,28,,47461,96,,,1,68,,47465,96,,,1,28,,47466,96,,,1,71,,47460,96,,,1,25,,47468,96,,,1,71,,47470,96,,,1,28,,47467,96,,,1,66,,47471,96,,,1,28,,47469,96,,,1,71,,47473,96,,,1,29,,47474,96,,,1,68,,47475,96,,,1,29,,47472,96,,,1,68,,47476,96,,,1,30,,47490,96,,,1,70,,47480,96,,,1,31,,47481,96,,,1,66,,47478,96,,,1,27,,47477,96,,,1,28,,47482,96,,,1,69,,47483,96,,,1,25,,47484,96,,,1,67,,47479,96,,,1,25,,47488,96,,,1,67,,47489,96,,,1,28,,47486,96,,,1,67,,47487,96,,,1
2302,'Weekday',545,,47491,96,,,1,56,,47501,96,,,1,17,,47502,96,,,1,13,,47500,96,,,1,16,,47504,96,,,1,56,,47506,96,,,1,15,,47507,96,,,1,15,,47508,96,,,1,15,,47505,96,,,1,56,,47509,96,,,1,15,,47503,96,,,1,15,,47510,96,,,1,16,,47511,96,,,1,60,,47512,96,,,1,17,,47513,96,,,1,17,,47498,96,,,1,59,,47494,96,,,1,24,,47496,96,,,1,29,,47514,96,,,1,72,,47515,96,,,1,31,,47516,96,,,1,70,,47517,96,,,1,30,,47518,96,,,1,70,,47519,96,,,1,72,,47520,96,,,1,31,,47521,96,,,1,70,,47497,96,,,1,23,,47545,96,,,1,20,,47542,96,,,1,61,,47544,96,,,1,14,,47541,96,,,1,16,,47543,96,,,1,17,,47540,96,,,1,57,,47522,96,,,1,15,,47523,96,,,1,15,,47524,96,,,1,13,,47525,96,,,1,55,,47526,96,,,1,15,,47527,96,,,1,15,,47528,96,,,1,15,,47529,96,,,1,55,,47530,96,,,1,14,,47531,96,,,1,14,,47492,96,,,1,15,,47499,96,,,1,53,,47495,96,,,1,15,,47493,96,,,1,34,,47533,96,,,1,73,,47534,96,,,1,33,,47535,96,,,1,67,,47532,96,,,1,75,,47536,96,,,1,33,,47537,96,,,1,74,,47538,96,,,1,34,,47539,96,,,1
2604,'Saturday',727,,47804,24,,,1,30,,47805,24,,,1,70,,47809,24,,,1,30,,47811,24,,,1,70,,47808,24,,,1,30,,47813,24,,,1,70,,47810,24,,,1,30,,47814,24,,,1,70,,47815,24,,,1,30,,47812,24,,,1,70,,47816,24,,,1,30,,47817,24,,,1,70,,47818,24,,,1,30,,47819,24,,,1,70,,47833,24,,,1,30,,47821,24,,,1,70,,47822,24,,,1,30,,47823,24,,,1,70,,47820,24,,,1,30,,47824,24,,,1,70,,47825,24,,,1,30,,47826,24,,,1,70,,47827,24,,,1,30,,47828,24,,,1,69,,47829,24,,,1,30,,47830,24,,,1,70,,47831,24,,,1,30,,47832,24,,,1,70,,47806,24,,,1,30,,47807,24,,,1
2604,'Sunday',727,,47834,24,,,1,100,,47837,24,,,1,100,,47839,24,,,1,100,,47835,24,,,1,100,,47836,24,,,1,100,,47840,24,,,1,100,,47838,24,,,1,100,,47842,24,,,1,100,,47843,24,,,1,100,,47841,24,,,1,100,,47844,24,,,1,100,,47845,24,,,1,99,,47846,24,,,1,100,,47847,24,,,1
2604,'Weekday',507,,47848,24,,,1,22,,47849,24,,,1,22,,47850,24,,,1,58,,47852,24,,,1,19,,47854,24,,,1,29,,47855,24,,,1,62,,47851,24,,,1,20,,47856,24,,,1,17,,47853,24,,,1,72,,47857,24,,,1,21,,47858,24,,,1,63,,47859,24,,,1,22,,47860,24,,,1,22,,47862,24,,,1,60,,47863,24,,,1,21,,47864,24,,,1,22,,47861,24,,,1,62,,47865,24,,,1,22,,47866,24,,,1,62,,47867,24,,,1,22,,47868,24,,,1,22,,47869,24,,,1,62,,47870,24,,,1,22,,47871,24,,,1,22,,47872,24,,,1,62,,47873,24,,,1,22,,47874,24,,,1,62,,47875,24,,,1,25,,47876,24,,,1,22,,47877,24,,,1,62,,47878,24,,,1,22,,47879,24,,,1,22,,47880,24,,,1,65,,47881,24,,,1,19,,47882,24,,,1,62,,47883,24,,,1,25,,47884,24,,,1,18,,47885,24,,,1,61,,47887,24,,,1,22,,47889,24,,,1,28,,47890,24,,,1,58,,47886,24,,,1,20,,47891,24,,,1,22,,47888,24,,,1,62,,47892,24,,,1,22,,47893,24,,,1,62,,47894,24,,,1,22,,47895,24,,,1,22,,47897,24,,,1,62,,47898,24,,,1,21,,47899,24,,,1,22,,47896,24,,,1,62,,47900,24,,,1,22,,47901,24,,,1,22,,47902,24,,,1
2704,'Saturday',821,,47948,16,,,1,35,,47949,16,,,1,75,,47950,16,,,1,75,,47951,16,,,1,35,,47953,16,,,1,75,,47947,16,,,1,35,,47952,16,,,1,75,,47954,16,,,1,75,,47956,16,,,1,35,,47957,16,,,1,75,,47958,16,,,1,35,,47959,16,,,1,75,,47960,16,,,1,35,,47961,16,,,1,75,,47955,16,,,1,75,,47962,16,,,1,35,,47963,16,,,1,75,,47964,16,,,1
2704,'Weekday',607,,47967,16,,,1,35,,47966,16,,,1,75,,47968,16,,,1,36,,47965,16,,,1,74,,47969,16,,,1,32,,47970,16,,,1,69,,47971,16,,,1,77,,47973,16,,,1,35,,47974,16,,,1,73,,47975,16,,,1,33,,47972,16,,,1,73,,47976,16,,,1,33,,47977,16,,,1,75,,47979,16,,,1,73,,47980,16,,,1,33,,47981,16,,,1,73,,47978,16,,,1,35,,47982,16,,,1,82,,47984,16,,,1,79,,47987,16,,,1,39,,47988,16,,,1,75,,47985,16,,,1,34,,47990,16,,,1,77,,47986,16,,,1,80,,47989,16,,,1,34,,47983,16,,,1
2802,'Saturday',557,,48100,38,0,5,1,65,,48115,34,,,1,25,,48101,38,0,5,1,65,,48116,34,,,1,25,,48098,38,0,5,1,65,,48119,34,,,1,25,,48099,38,0,5,1,25,,48120,34,,,1,65,,48102,38,0,5,1,25,,48121,34,,,1,65,,48104,38,0,5,1,25,,48117,34,,,1,25,,48105,38,0,5,1,65,,48118,34,,,1,25,,48106,38,0,5,1,65,,48122,34,,,1,25,,48103,38,0,5,1,65,,48124,34,,,1,25,,48107,38,0,5,1,25,,48125,34,,,1,65,,48108,38,0,5,1,25,,48126,34,,,1,65,,48109,38,0,5,1,25,,48123,34,,,1,25,,48111,38,0,5,1,65,,48127,34,,,1,25,,48112,38,0,5,1,65,,48128,34,,,1,25,,48113,38,0,5,1,65,,48129,34,,,1,25,,48110,38,0,5,1,25,,48130,34,,,1,65,,48114,38,0,5,1
2802,'Sunday',557,,48145,38,0,5,1,65,,48135,34,,,1,25,,48132,38,0,5,1,65,,48141,34,,,1,25,,48137,38,0,5,1,65,,48131,34,,,1,25,,48144,38,0,5,1,25,,48134,34,,,1,65,,48133,38,0,5,1,25,,48139,34,,,1,65,,48138,38,0,5,1,25,,48136,34,,,1,25,,48143,38,0,5,1,65,,48140,34,,,1,25,,48147,38,0,5,1,65,,48142,34,,,1,25,,48148,38,0,5,1,65,,48146,34,,,1,25,,48150,38,0,5,1,25,,48149,34,,,1,65,,48151,38,0,5,1,25,,48152,34,,,1,65,,48153,38,0,5,1,25,,48155,34,,,1,25,,48154,38,0,5,1,65,,48156,34,,,1,25,,48157,38,0,5,1,65,,48158,34,,,1,25,,48159,38,0,5,1,65,,48160,34,,,1,25,,48161,38,0,5,1,25,,48162,34,,,1,65,,48163,38,0,5,1
2802,'Weekday',535,,48204,34,,,1,18,,48164,38,0,5,1,54,,48185,34,,,1,22,,48165,38,0,5,1,28,,48186,34,,,1,62,,48166,38,0,5,1,18,,48187,34,,,1,19,,48167,38,0,5,1,63,,48184,34,,,1,20,,48168,38,0,5,1,20,,48188,34,,,1,60,,48169,38,0,5,1,20,,48189,34,,,1,20,,48170,38,0,5,1,63,,48190,34,,,1,17,,48171,38,0,5,1,20,,48191,34,,,1,59,,48172,38,0,5,1,21,,48192,34,,,1,20,,48174,38,0,5,1,59,,48193,34,,,1,21,,48175,38,0,5,1,20,,48194,34,,,1,59,,48176,38,0,5,1,21,,48195,34,,,1,20,,48177,38,0,5,1,60,,48196,34,,,1,20,,48178,38,0,5,1,20,,48197,34,,,1,60,,48173,38,0,5,1,20,,48198,34,,,1,20,,48179,38,0,5,1,60,,48199,34,,,1,20,,48180,38,0,5,1,19,,48200,34,,,1,61,,48181,38,0,5,1,20,,48201,34,,,1,68,,48182,38,0,5,1,12,,48202,34,,,1,20,,48183,38,0,5,1,20,,48203,34,,,1
