102,'Saturday',531,,42533,2,,,1,26,,42488,2,,,1,62,,42489,2,,,1,18,,42487,27,,,1,20,,42507,27,,,1,61,,42506,27,,,1,20,,42508,27,,,1,20,,42509,27,,,1,60,,42510,27,,,1,20,,42511,27,,,1,20,,42512,27,,,1,64,,42513,27,,,1,20,,42514,27,,,1,61,,42515,27,,,1,21,,42516,27,,,1,19,,42517,27,,,1,60,,42518,27,,,1,20,,42519,27,,,1,20,,42520,27,,,1,61,,42521,27,,,1,20,,42522,27,,,1,20,,42523,27,,,1,60,,42524,27,,,1,22,,42525,27,,,1,18,,42527,27,,,1,60,,42528,27,,,1,20,,42529,27,,,1,19,,42526,27,,,1,59,,42530,27,,,1,23,,42531,27,,,1,21,,42532,27,,,1,59,,42505,27,,,1,19,,42503,27,,,1,20,,42502,27,,,1,60,,42499,27,,,1,21,,42500,27,,,1,20,,42497,27,,,1,60,,42495,27,,,1,20,,42498,27,,,1,20,,42496,27,,,1,59,,42501,27,,,1,19,,42494,27,,,1,16,,42504,27,,,1,69,,42535,27,,,1,35,,42536,27,,,1,68,,42537,27,,,1,26,,42538,27,,,1,70,,42539,27,,,1,30,,42540,27,,,1,72,,42541,27,,,1,30,,42542,27,,,1,91,,42492,27,,,1,29,,42490,27,,,1
102,'Sunday',620,,42547,27,,,1,83,,42545,27,,,1,16,,42571,27,,,1,20,,42572,27,,,1,61,,42573,27,,,1,20,,42574,27,,,1,20,,42576,27,,,1,60,,42577,27,,,1,20,,42578,27,,,1,20,,42575,27,,,1,60,,42580,27,,,1,20,,42581,27,,,1,20,,42566,27,,,1,60,,42567,27,,,1,20,,42551,27,,,1,20,,42561,27,,,1,60,,42549,27,,,1,21,,42560,27,,,1,20,,42553,27,,,1,60,,42558,27,,,1,21,,42565,27,,,1,20,,42562,27,,,1,60,,42548,27,,,1,20,,42564,27,,,1,20,,42557,27,,,1,66,,42550,27,,,1,20,,42554,27,,,1,20,,42569,27,,,1,60,,42552,27,,,1,20,,42568,27,,,1,20,,42559,27,,,1,60,,42570,27,,,1,21,,42563,27,,,1,20,,42555,27,,,1,60,,42556,27,,,1,20,,42579,27,,,1,20,,42584,27,,,1,60,,42585,27,,,1,19,,42583,27,,,1,20,,42582,27,,,1,60,,42586,27,,,1,19,,42587,27,,,1,20,,42588,27,,,1,60,,42589,27,,,1,20,,42591,27,,,1,20,,42592,27,,,1,60,,42593,27,,,1,13,,42590,27,,,1,20,,42594,27,,,1,66,,42597,27,,,1,25,,42598,27,,,1,26,,42595,27,,,1,59,,42596,27,,,1
102,'Weekday',422,,42602,2,,,1,25,,42603,27,,,1,59,,42604,27,,,1,22,,42601,27,,,1,21,,42607,27,,,1,60,,42608,27,,,1,21,,42606,27,,,1,19,,42605,27,,,1,58,,42617,27,,,1,14,,42614,16,0,5,1,9,,42611,27,,,1,13,,42621,16,0,5,1,10,,42613,27,,,1,50,,42612,16,0,5,1,15,,42616,27,0,7,1,14,,42615,16,0,5,1,12,,42619,27,,,1,11,,42609,16,0,5,1,53,,42620,27,,,1,12,,42618,16,0,5 7,1,11,,42610,27,,,1,14,,42633,16,0,5,1,56,,42623,27,,,1,10,,42634,16,0,5 7,1,12,,42624,27,,,1,13,,42635,16,0,5,1,12,,42625,27,,,1,68,,42636,16,0,5,1,20,,42626,27,,,1,18,,42637,16,0,5,1,47,,42627,27,,,1,25,,42638,16,0,5,1,17,,42628,27,,,1,16,,42639,16,0,5,1,52,,42629,27,,,1,24,,42640,16,0,5,1,10,,42630,27,0,7,1,61,,42641,16,0,5,1,7,,42622,27,,,1,24,,42642,16,0,5,1,18,,42631,27,,,1,62,,42643,16,0,5,1,7,,42632,27,,,1,16,,42664,16,0,5,1,8,,42650,27,,,1,7,,42665,16,0,5,1,56,,42648,27,,,1,14,,42666,16,0,5,1,12,,42645,27,,,1,21,,42651,27,,,1,54,,42667,16,0,5,1,9,,42652,27,,,1,9,,42653,27,,,1,9,,42668,16,0,5,1,12,,42654,27,,,1,49,,42646,16,0,5,1,15,,42644,16,0,5,1,14,,42655,27,,,1,13,,42649,16,0,5,1,14,,42656,27,,,1,53,,42657,27,,,1,9,,42647,16,0,5,1,8,,42658,27,,,1,24,,42659,27,,,1,65,,42660,27,,,1,20,,42661,27,,,1,22,,42662,27,,,1,57,,42663,27,,,1,20,,42671,27,,,1,24,,42670,27,,,1,62,,42669,27,,,1,39,,42672,27,,,1,70,,42673,27,,,1,76,,42674,27,,,1,28,,42675,27,,,1,75,,42676,27,,,1,32,,42677,27,,,1,72,,42678,27,,,1
1304,'Saturday',801,,45603,2,,,1,100,,45605,2,,,1,100,,45604,2,,,1,100,,45606,2,,,1,100,,45607,2,,,1,100,,45609,2,,,1,100,,45610,2,,,1,100,,45611,2,,,1,100,,45608,2,,,1,100,,45612,2,,,1,100,,45613,2,,,1,100,,45614,2,,,1
1304,'Weekday',512,,45615,2,,,1,42,,45617,2,,,1,84,,45618,2,,,1,86,,45619,2,,,1,86,,45616,2,,,1,45,,45620,2,,,1,85,,45621,2,,,1,85,,45622,2,,,1,85,,45623,2,,,1,45,,45624,2,,,1,84,,45625,2,,,1,83,,45626,2,,,1,84,,45628,2,,,1,49,,45629,2,,,1,87,,45630,2,,,1,83,,45627,2,,,1,88,,45631,2,,,1,46,,45632,2,,,1,82,,45633,2,,,1,82,,45634,2,,,1
1803,'Saturday',408,,46777,25,0,5,1,128,,46742,2,,,1,20,,46782,2,,,1,60,,46783,2,,,1,24,,46754,25,,,1,60,,46733,25,,,1,20,,46780,25,,,1,20,,46730,25,,,1,61,,46781,25,,,1,23,,46757,25,,,1,22,,46756,25,,,1,63,,46739,25,,,1,20,,46732,25,,,1,20,,46734,25,,,1,60,,46743,25,,,1,20,,46726,25,,,1,18,,46752,25,,,1,59,,46737,25,,,1,24,,46728,25,,,1,23,,46729,25,,,1,63,,46735,25,,,1,2,,46785,25,0,5,1,17,,46744,25,,,1,12,,46784,25,0,5,1,8,,46727,25,,,1,59,,46746,25,,,1,21,,46738,25,,,1,20,,46731,25,,,1,62,,46741,25,,,1,20,,46740,25,,,1,18,,46753,25,,,1,57,,46736,25,,,1,23,,46751,25,,,1,20,,46748,25,,,1,60,,46755,25,,,1,25,,46747,25,,,1,15,,46745,25,,,1,62,,46750,25,,,1,20,,46749,25,,,1,19,,46763,25,,,1,60,,46758,25,,,1,21,,46759,25,,,1,20,,46761,25,,,1,58,,46760,25,,,1,17,,46762,25,,,1,19,,46764,25,,,1,63,,46766,25,,,1,20,,46769,25,,,1,20,,46767,25,,,1,60,,46778,25,,,1,16,,46765,25,,,1,17,,46768,25,,,1,57,,46770,25,,,1,23,,46779,25,,,1,24,,46771,25,,,1,73,,46772,25,,,1,23,,46773,25,,,1,65,,46775,25,,,1,35,,46774,25,,,1,65,,46776,25,,,1
1803,'Sunday',411,,46820,25,0,5,1,240,,46788,2,,,1,78,,46786,2,,,1,84,,46787,25,,,1,33,,46790,25,,,1,57,,46819,2,,,1,16,,46799,25,,,1,33,,46792,25,,,1,69,,46795,25,,,1,27,,46818,25,,,1,62,,46810,25,,,1,23,,46791,25,,,1,24,,46811,25,,,1,63,,46821,25,0,5,1,15,,46817,25,,,1,15,,46822,25,0,5,1,63,,46807,25,,,1,34,,46805,25,,,1,73,,46803,25,,,1,33,,46793,25,,,1,73,,46796,25,,,1,33,,46794,25,,,1,73,,46815,25,,,1,73,,46814,25,,,1,33,,46808,25,,,1,73,,46806,25,,,1,33,,46801,25,,,1,75,,46802,25,,,1,34,,46798,25,,,1,69,,46789,25,,,1,31,,46797,25,,,1,74,,46816,25,,,1,31,,46812,25,,,1,72,,46813,25,,,1,73,,46809,25,,,1,31,,46804,25,,,1,73,,46800,25,,,1
1803,'Weekday',408,,46827,25,0,5,1,98,,46931,25,,,1,9,,46826,25,,,1,11,,46876,25,,,1,10,,46869,25,,,1,10,,46866,25,,,1,10,,46868,25,,,1,46,,46929,25,,,1,8,,46867,25,,,1,6,,46875,25,,,1,7,,46930,25,,,1,7,,46879,25,,,1,10,,46878,25,,,1,10,,46888,25,,,1,50,,46885,25,,,1,11,,46886,25,,,1,10,,46883,25,,,1,10,,46871,25,,,1,10,,46880,25,,,1,10,,46882,25,,,1,50,,46877,25,,,1,12,,46873,25,,,1,10,,46872,25,,,1,10,,46926,25,0,5,1,8,,46874,25,,,1,10,,46887,25,,,1,49,,46884,25,,,1,10,,46881,25,,,1,9,,46870,25,,,1,12,,46829,25,,,1,12,,46831,25,,,1,57,,46832,25,,,1,17,,46833,25,,,1,15,,46834,25,,,1,19,,46835,25,,,1,56,,46836,25,,,1,17,,46837,25,,,1,14,,46838,25,,,1,13,,46858,25,0,5,1,52,,46840,25,,,1,14,,46839,25,,,1,17,,46841,25,,,1,17,,46842,25,,,1,58,,46843,25,,,1,20,,46844,25,,,1,17,,46845,25,,,1,57,,46846,25,,,1,17,,46847,25,,,1,14,,46892,25,,,1,12,,46889,25,,,1,12,,46893,25,,,1,52,,46894,25,,,1,12,,46895,25,,,1,12,,46896,25,,,1,12,,46897,25,,,1,13,,46898,25,,,1,52,,46927,25,0,5,1,8,,46899,25,,,1,11,,46900,25,,,1,12,,46901,25,,,1,10,,46902,25,,,1,49,,46928,25,0,5,1,8,,46903,25,,,1,10,,46905,25,,,1,12,,46906,25,,,1,11,,46907,25,,,1,13,,46904,25,,,1,51,,46908,25,,,1,10,,46909,25,,,1,10,,46910,25,,,1,10,,46911,25,,,1,12,,46912,25,,,1,52,,46913,25,,,1,11,,46914,25,,,1,10,,46915,25,,,1,12,,46916,25,,,1,12,,46917,25,,,1,12,,46918,25,,,1,51,,46919,25,,,1,11,,46920,25,,,1,12,,46921,25,,,1,11,,46922,25,,,1,13,,46923,25,,,1,52,,46924,25,,,1,11,,46925,25,,,1,10,,46848,25,,,1,18,,46851,25,,,1,60,,46856,25,,,1,20,,46850,25,,,1,20,,46861,25,,,1,12,,46865,25,,,1,52,,46860,25,,,1,19,,46830,25,,,1,18,,46857,25,,,1,59,,46853,25,,,1,20,,46852,25,,,1,21,,46859,25,,,1,59,,46855,25,,,1,20,,46864,25,,,1,22,,46862,25,,,1,58,,46849,25,,,1,20,,46863,25,,,1,20,,46854,25,,,1
1804,'Saturday',538,,46952,2,,,1,20,,46937,2,,,1,60,,46991,2,,,1,18,,46938,36,,,1,20,,46992,36,,,1,60,,46990,36,,,1,25,,46988,36,,,1,60,,46989,36,,,1,26,,46987,36,,,1,16,,46947,36,,,1,67,,46960,36,,,1,21,,46985,36,,,1,1,,46986,36,,,1,18,,46959,36,,,1,60,,46943,36,,,1,22,,46935,36,,,1,18,,46933,36,,,1,63,,46940,36,,,1,20,,46948,36,,,1,15,,46932,36,,,1,62,,46949,36,,,1,23,,46939,36,,,1,20,,46934,36,,,1,61,,46936,36,,,1,19,,46944,36,,,1,18,,46951,36,,,1,58,,46946,36,,,1,19,,46950,36,,,1,23,,46945,36,,,1,60,,46942,36,,,1,23,,46941,36,,,1,17,,46956,36,,,1,60,,46953,36,,,1,18,,46954,36,,,1,22,,46955,36,,,1,60,,46957,36,,,1,20,,46958,36,,,1,20,,46963,36,,,1,60,,46961,36,,,1,18,,46962,36,,,1,18,,46964,36,,,1,57,,46965,36,,,1,12,,46993,36,,,1,10,,46966,36,,,1,16,,46967,36,,,1,14,,46984,36,,,1,56,,46968,36,,,1,14,,46969,36,,,1,17,,46970,36,,,1,57,,46975,36,,,1,34,,46971,36,,,1,24,,46973,36,,,1,70,,46972,36,,,1,26,,46978,36,,,1,70,,46977,36,,,1,31,,46979,36,,,1,68,,46976,36,,,1
1804,'Sunday',713,,46995,36,,,1,37,,46997,36,,,1,75,,46999,36,,,1,25,,47001,36,,,1,63,,46998,36,,,1,20,,47027,36,0,5,1,19,,47026,36,,,1,58,,47002,36,,,1,18,,47000,36,,,1,28,,47004,36,,,1,67,,47005,36,,,1,25,,47029,36,,,1,65,,47006,36,,,1,29,,47003,36,,,1,73,,47007,36,,,1,33,,47008,36,,,1,73,,47011,36,,,1,33,,47013,36,,,1,73,,47010,36,,,1,73,,47014,36,,,1,33,,47012,36,,,1,73,,47015,36,,,1,33,,47009,36,,,1,73,,47018,36,,,1,21,,47019,36,,,1,21,,47020,36,,,1,64,,47030,36,0,5,1,23,,47016,36,,,1,62,,47028,36,0,5,1,29,,47017,36,,,1,25,,47021,36,,,1,72,,47022,36,,,1,73,,47023,36,,,1,33,,47024,36,,,1,73,,47025,36,,,1
1804,'Weekday',415,,47031,2,,,1,10,,47032,2,,,1,10,,47033,2,,,1,9,,47034,36,,,1,6,,47036,36,,,1,6,,47037,36,,,1,45,,47035,36,,,1,5,,47137,36,,,1,7,,47093,36,,,1,6,,47139,36,,,1,9,,47094,36,,,1,11,,47095,36,,,1,9,,47096,36,,,1,8,,47097,36,,,1,50,,47098,36,,,1,11,,47099,36,,,1,11,,47100,36,,,1,9,,47101,36,,,1,10,,47102,36,,,1,10,,47103,36,,,1,50,,47104,36,,,1,10,,47079,36,,,1,9,,47078,36,,,1,11,,47090,36,,,1,12,,47088,36,,,1,52,,47092,36,,,1,9,,47091,36,,,1,12,,47087,36,,,1,10,,47085,36,,,1,9,,47086,36,,,1,10,,47084,36,,,1,50,,47082,36,,,1,9,,47081,36,,,1,9,,47080,36,,,1,10,,47089,36,,,1,12,,47083,36,,,1,11,,47039,36,,,1,53,,47069,36,0,5,1,11,,47040,36,,,1,14,,47041,36,,,1,15,,47042,36,,,1,55,,47043,36,,,1,16,,47044,36,,,1,16,,47045,36,,,1,18,,47047,36,,,1,58,,47048,36,,,1,18,,47046,36,,,1,17,,47050,36,,,1,16,,47049,36,,,1,54,,47051,36,,,1,19,,47052,36,,,1,17,,47053,36,,,1,57,,47054,36,,,1,20,,47055,36,,,1,12,,47106,36,,,1,13,,47107,36,,,1,52,,47105,36,,,1,12,,47108,36,,,1,11,,47109,36,,,1,10,,47110,36,,,1,12,,47111,36,,,1,52,,47112,36,,,1,12,,47113,36,,,1,12,,47114,36,,,1,13,,47115,36,,,1,12,,47116,36,,,1,52,,47117,36,,,1,12,,47118,36,,,1,12,,47120,36,,,1,11,,47121,36,,,1,12,,47122,36,,,1,52,,47119,36,,,1,8,,47123,36,,,1,7,,47138,36,,,1,10,,47124,36,,,1,10,,47125,36,,,1,13,,47126,36,,,1,52,,47127,36,,,1,9,,47128,36,,,1,11,,47129,36,,,1,13,,47130,36,,,1,12,,47131,36,,,1,12,,47132,36,,,1,52,,47133,36,,,1,13,,47134,36,,,1,12,,47135,36,,,1,10,,47136,36,,,1,14,,47077,36,,,1,53,,47057,36,,,1,13,,47058,36,,,1,16,,47056,36,,,1,15,,47064,36,,,1,54,,47070,36,,,1,20,,47065,36,,,1,17,,47066,36,,,1,54,,47073,36,,,1,14,,47072,36,,,1,15,,47075,36,,,1,20,,47068,36,,,1,54,,47061,36,,,1,12,,47062,36,,,1,14,,47074,36,,,1,16,,47076,36,,,1,11,,47060,36,,,1,53,,47071,36,,,1,19,,47063,36,,,1,20,,47059,36,,,1,60,,47038,36,,,1,20,,47067,36,,,1
