204,'Saturday',612,,42807,4,,,1,27,,42845,4,,,1,73,,42839,4,,,1,29,,42842,4,,,1,72,,42844,4,,,1,30,,42843,4,,,1,70,,42841,4,,,1,30,,42840,4,,,1,70,,42835,4,,,1,30,,42838,4,,,1,70,,42837,4,,,1,30,,42846,4,,,1,70,,42836,4,,,1,30,,42834,4,,,1,70,,42830,4,,,1,30,,42829,4,,,1,70,,42833,4,,,1,30,,42832,4,,,1,70,,42831,4,,,1,30,,42828,4,,,1,70,,42827,4,,,1,30,,42823,4,,,1,70,,42826,4,,,1,30,,42821,4,,,1,70,,42825,4,,,1,30,,42824,4,,,1,70,,42822,4,,,1,30,,42820,4,,,1,69,,42818,4,,,1,30,,42817,4,,,1,70,,42816,4,,,1,30,,42819,4,,,1,70,,42812,4,,,1,30,,42813,4,,,1,70,,42815,4,,,1,30,,42814,4,,,1,70,,42810,4,,,1,30,,42811,4,,,1
204,'Sunday',703,,42847,4,,,1,33,,42850,4,,,1,73,,42852,4,,,1,33,,42849,4,,,1,73,,42853,4,,,1,33,,42851,4,,,1,73,,42854,4,,,1,33,,42855,4,,,1,73,,42856,4,,,1,73,,42857,4,,,1,33,,42859,4,,,1,73,,42860,4,,,1,33,,42861,4,,,1,73,,42858,4,,,1,33,,42863,4,,,1,73,,42864,4,,,1,33,,42865,4,,,1,73,,42862,4,,,1,33,,42877,4,,,1,73,,42874,4,,,1,73,,42873,4,,,1,33,,42872,4,,,1,73,,42876,4,,,1,33,,42875,4,,,1,73,,42870,4,,,1,33,,42869,4,,,1,73,,42871,4,,,1,33,,42866,4,,,1,72,,42868,4,,,1,33,,42867,4,,,1,73,,42848,4,,,1
204,'Weekday',442,,42932,4,,,1,62,,42931,4,,,1,22,,42930,4,,,1,16,,42928,4,,,1,69,,42927,4,,,1,22,,42926,4,,,1,18,,42922,4,,,1,60,,42933,4,,,1,19,,42925,4,,,1,26,,42920,4,,,1,68,,42924,4,,,1,20,,42929,4,,,1,60,,42923,4,,,1,22,,42918,4,,,1,22,,42921,4,,,1,65,,42919,4,,,1,21,,42917,4,,,1,20,,42916,4,,,1,58,,42915,4,,,1,27,,42914,4,,,1,64,,42911,4,,,1,22,,42910,4,,,1,16,,42913,4,,,1,17,,42912,4,,,1,69,,42909,4,,,1,27,,42908,4,,,1,60,,42907,4,,,1,15,,42906,4,,,1,19,,42905,4,,,1,68,,42904,4,,,1,24,,42900,4,,,1,62,,42899,4,,,1,17,,42903,4,,,1,24,,42902,4,,,1,67,,42901,4,,,1,25,,42898,4,,,1,23,,42894,4,,,1,61,,42897,4,,,1,24,,42896,4,,,1,66,,42895,4,,,1,26,,42893,4,,,1,20,,42892,4,,,1,62,,42891,4,,,1,23,,42890,4,,,1,18,,42889,4,,,1,59,,42885,4,,,1,23,,42888,4,,,1,60,,42887,4,,,1,22,,42886,4,,,1,34,,42884,4,,,1,71,,42883,4,,,1,32,,42882,4,,,1,68,,42881,4,,,1
703,'Saturday',611,,44199,58,,,1,16,,44191,58,,,1,17,,44195,58,,,1,56,,44200,58,,,1,19,,44194,58,,,1,14,,44201,58,,,1,16,,44224,58,,,1,55,,44202,58,,,1,15,,44225,58,,,1,16,,44203,58,,,1,17,,44226,58,,,1,57,,44205,58,,,1,17,,44256,58,,,1,17,,44206,58,,,1,16,,44227,58,,,1,57,,44207,58,,,1,17,,44228,58,,,1,15,,44204,58,,,1,57,,44229,58,,,1,18,,44208,58,,,1,16,,44230,58,,,1,16,,44209,58,,,1,58,,44231,58,,,1,18,,44210,58,,,1,17,,44232,58,,,1,56,,44211,58,,,1,15,,44233,58,,,1,17,,44212,58,,,1,15,,44234,58,,,1,54,,44213,58,,,1,14,,44235,58,,,1,16,,44214,58,,,1,16,,44236,58,,,1,56,,44215,58,,,1,15,,44237,58,,,1,17,,44216,58,,,1,16,,44238,58,,,1,59,,44217,58,,,1,16,,44239,58,,,1,16,,44255,58,,,1,56,,44241,58,,,1,15,,44218,58,,,1,17,,44242,58,,,1,16,,44219,58,,,1,55,,44243,58,,,1,14,,44220,58,,,1,16,,44240,58,,,1,16,,44221,58,,,1,58,,44244,58,,,1,19,,44222,58,,,1,15,,44245,58,,,1,16,,44223,58,,,1,52,,44246,58,,,1,17,,44248,58,,,1,19,,44247,58,,,1,58,,44249,58,,,1,38,,44250,58,,,1,71,,44251,58,,,1,30,,44252,58,,,1,71,,44253,58,,,1,30,,44254,58,,,1,70,,44196,58,,,1,32,,44198,58,,,1
703,'Sunday',658,,44317,36,,,1,68,,44318,58,,,1,19,,44258,58,,,1,14,,44278,58,,,1,57,,44291,58,,,1,13,,44274,58,,,1,16,,44304,58,,,1,55,,44308,58,,,1,16,,44289,58,,,1,17,,44264,58,,,1,14,,44305,58,,,1,55,,44275,58,,,1,14,,44288,58,,,1,16,,44273,58,,,1,17,,44302,58,,,1,55,,44312,58,,,1,15,,44286,58,,,1,14,,44268,58,,,1,15,,44303,58,,,1,56,,44280,58,,,1,14,,44285,58,,,1,16,,44271,58,,,1,15,,44301,58,,,1,54,,44313,58,,,1,13,,44306,58,,,1,15,,44293,58,,,1,15,,44300,58,,,1,55,,44279,58,,,1,18,,44284,58,,,1,15,,44270,58,,,1,15,,44299,58,,,1,56,,44263,58,,,1,11,,44307,58,,,1,15,,44265,58,,,1,16,,44295,58,,,1,55,,44276,58,,,1,17,,44283,58,,,1,15,,44267,58,,,1,15,,44298,58,,,1,54,,44269,58,,,1,15,,44309,58,,,1,14,,44262,58,,,1,14,,44297,58,,,1,55,,44272,58,,,1,16,,44282,58,,,1,16,,44266,58,,,1,16,,44296,58,,,1,71,,44310,58,,,1,29,,44294,58,,,1,55,,44281,58,,,1,13,,44316,58,,,1,19,,44287,58,,,1,65,,44311,58,,,1,24,,44259,58,,,1,24,,44277,58,,,1,65,,44292,58,,,1,23,,44314,58,,,1,69,,44315,58,,,1,31,,44261,58,,,1
703,'Weekday',458,,44320,36,,,1,56,,44344,36,,,1,15,,44343,36,,,1,15,,44342,36,,,1,14,,44341,58,,,1,56,,44340,58,,,1,18,,44339,58,,,1,21,,44405,58,,,1,56,,44406,58,,,1,17,,44407,58,,,1,15,,44408,58,,,1,17,,44410,58,,,1,55,,44411,58,,,1,16,,44412,58,,,1,17,,44409,58,,,1,56,,44414,58,,,1,17,,44415,58,,,1,16,,44416,58,,,1,17,,44413,58,,,1,56,,44417,58,,,1,17,,44418,58,,,1,16,,44419,58,,,1,14,,44420,58,,,1,57,,44421,58,,,1,16,,44422,58,,,1,15,,44423,58,,,1,57,,44424,58,,,1,14,,44425,58,,,1,18,,44426,58,,,1,16,,44427,58,,,1,54,,44428,58,,,1,16,,44429,58,,,1,16,,44430,58,,,1,19,,44431,58,,,1,57,,44432,58,,,1,18,,44433,58,,,1,17,,44434,58,,,1,55,,44435,58,,,1,5,,44438,58,,,1,12,,44436,58,,,1,13,,44437,58,,,1,20,,44439,58,,,1,60,,44440,58,,,1,20,,44441,58,,,1,18,,44442,58,,,1,59,,44445,58,,,1,8,,44446,58,,,1,12,,44443,58,,,1,32,,44447,58,,,1,58,,44444,58,,,1,18,,44350,58,,,1,16,,44348,58,,,1,56,,44353,58,,,1,28,,44355,58,,,1,17,,44354,58,,,1,7,,44349,58,,,1,65,,44352,58,,,1,10,,44351,58,,,1,8,,44334,58,,,1,17,,44335,58,,,1,62,,44332,58,,,1,16,,44328,58,,,1,15,,44329,58,,,1,57,,44338,58,,,1,30,,44327,58,,,1,61,,44333,58,,,1,14,,44326,58,,,1,30,,44337,58,,,1,63,,44324,58,,,1,20,,44330,58,,,1,80,,44336,58,,,1,29,,44322,58,,,1
2302,'Saturday',612,,47420,70,,,1,30,,47422,70,,,1,70,,47442,70,,,1,32,,47441,70,,,1,79,,47445,70,,,1,32,,47444,70,,,1,66,,47448,70,,,1,28,,47449,70,,,1,64,,47446,70,,,1,28,,47447,70,,,1,69,,47450,70,,,1,28,,47453,70,,,1,68,,47454,70,,,1,27,,47451,70,,,1,70,,47452,70,,,1,28,,47443,70,,,1,28,,47432,70,,,1,69,,47435,70,,,1,26,,47436,70,,,1,68,,47437,70,,,1,30,,47434,70,,,1,70,,47433,70,,,1,30,,47439,70,,,1,70,,47440,70,,,1,28,,47438,70,,,1,68,,47424,70,,,1,27,,47425,70,,,1,68,,47421,70,,,1,30,,47431,70,,,1,72,,47423,70,,,1,30,,47427,70,,,1,70,,47429,70,,,1,29,,47426,70,,,1,68,,47428,70,,,1,29,,47430,70,,,1,70,,47458,70,,,1,30,,47457,70,,,1,70,,47456,70,,,1,30,,47455,70,,,1
2302,'Sunday',821,,47485,70,,,1,29,,47459,70,,,1,66,,47462,70,,,1,25,,47463,70,,,1,69,,47464,70,,,1,28,,47461,70,,,1,68,,47465,70,,,1,28,,47466,70,,,1,71,,47460,70,,,1,25,,47468,70,,,1,70,,47470,70,,,1,28,,47467,70,,,1,25,,47471,70,,,1,68,,47469,70,,,1,31,,47473,70,,,1,69,,47474,70,,,1,28,,47475,70,,,1,69,,47472,70,,,1,28,,47476,70,,,1,70,,47490,70,,,1,30,,47480,70,,,1,71,,47481,70,,,1,26,,47478,70,,,1,67,,47477,70,,,1,28,,47482,70,,,1,69,,47483,70,,,1,25,,47484,70,,,1,68,,47479,70,,,1,25,,47488,70,,,1,28,,47489,70,,,1,68,,47486,70,,,1,27,,47487,70,,,1
2302,'Weekday',529,,47491,70,,,1,16,,47501,70,,,1,57,,47502,70,,,1,13,,47500,70,,,1,16,,47504,70,,,1,16,,47506,70,,,1,55,,47507,70,,,1,15,,47508,70,,,1,15,,47505,70,,,1,15,,47509,70,,,1,55,,47503,70,,,1,15,,47510,70,,,1,16,,47511,70,,,1,20,,47512,70,,,1,57,,47513,70,,,1,17,,47498,70,,,1,19,,47494,70,,,1,65,,47496,70,,,1,29,,47514,70,,,1,71,,47515,70,,,1,31,,47516,70,,,1,70,,47517,70,,,1,30,,47518,70,,,1,69,,47519,70,,,1,32,,47520,70,,,1,71,,47521,70,,,1,30,,47497,70,,,1,63,,47545,70,,,1,20,,47542,70,,,1,21,,47544,70,,,1,55,,47541,70,,,1,16,,47543,70,,,1,17,,47540,70,,,1,17,,47522,70,,,1,54,,47523,70,,,1,15,,47524,70,,,1,13,,47525,70,,,1,15,,47526,70,,,1,55,,47527,70,,,1,15,,47528,70,,,1,15,,47529,70,,,1,15,,47530,70,,,1,55,,47531,70,,,1,14,,47492,70,,,1,15,,47499,70,,,1,13,,47495,70,,,1,55,,47493,70,,,1,34,,47533,70,,,1,73,,47534,70,,,1,33,,47535,70,,,1,68,,47532,70,,,1,35,,47536,70,,,1,74,,47537,70,,,1,34,,47538,70,,,1,74,,47539,70,,,1
2802,'Saturday',533,,48100,4,0,5,1,25,,48115,4,,,1,65,,48101,4,0,5,1,25,,48116,4,,,1,65,,48098,4,0,5,1,25,,48119,4,,,1,65,,48099,4,0,5,1,25,,48120,4,,,1,25,,48102,4,0,5,1,65,,48121,4,,,1,25,,48104,4,0,5,1,65,,48117,4,,,1,25,,48105,4,0,5,1,25,,48118,4,,,1,65,,48106,4,0,5,1,25,,48122,4,,,1,65,,48103,4,0,5,1,25,,48124,4,,,1,65,,48107,4,0,5,1,25,,48125,4,,,1,25,,48108,4,0,5,1,65,,48126,4,,,1,25,,48109,4,0,5,1,65,,48123,4,,,1,25,,48111,4,0,5,1,25,,48127,4,,,1,65,,48112,4,0,5,1,25,,48128,4,,,1,65,,48113,4,0,5,1,25,,48129,4,,,1,65,,48110,4,0,5,1,25,,48130,4,,,1,25,,48114,4,0,5,1
2802,'Sunday',533,,48145,4,0,5,1,25,,48135,4,,,1,65,,48132,4,0,5,1,25,,48141,4,,,1,65,,48137,4,0,5,1,25,,48131,4,,,1,65,,48144,4,0,5,1,25,,48134,4,,,1,25,,48133,4,0,5,1,65,,48139,4,,,1,25,,48138,4,0,5,1,65,,48136,4,,,1,25,,48143,4,0,5,1,25,,48140,4,,,1,65,,48147,4,0,5,1,25,,48142,4,,,1,65,,48148,4,0,5,1,25,,48146,4,,,1,65,,48150,4,0,5,1,25,,48149,4,,,1,25,,48151,4,0,5,1,65,,48152,4,,,1,25,,48153,4,0,5,1,65,,48155,4,,,1,25,,48154,4,0,5,1,25,,48156,4,,,1,65,,48157,4,0,5,1,25,,48158,4,,,1,65,,48159,4,0,5,1,25,,48160,4,,,1,65,,48161,4,0,5,1,25,,48162,4,,,1,25,,48163,4,0,5,1
2802,'Weekday',511,,48204,4,,,1,18,,48164,4,0,5,1,14,,48185,4,,,1,62,,48165,4,0,5,1,28,,48186,4,,,1,22,,48166,4,0,5,1,58,,48187,4,,,1,19,,48167,4,0,5,1,23,,48184,4,,,1,60,,48168,4,0,5,1,20,,48188,4,,,1,20,,48169,4,0,5,1,60,,48189,4,,,1,20,,48170,4,0,5,1,23,,48190,4,,,1,57,,48171,4,0,5,1,20,,48191,4,,,1,19,,48172,4,0,5,1,61,,48192,4,,,1,20,,48174,4,0,5,1,19,,48193,4,,,1,61,,48175,4,0,5,1,20,,48194,4,,,1,19,,48176,4,0,5,1,61,,48195,4,,,1,20,,48177,4,0,5,1,20,,48196,4,,,1,60,,48178,4,0,5,1,20,,48197,4,,,1,20,,48173,4,0,5,1,60,,48198,4,,,1,20,,48179,4,0,5,1,20,,48199,4,,,1,60,,48180,4,0,5,1,19,,48200,4,,,1,21,,48181,4,0,5,1,60,,48201,4,,,1,19,,48182,4,0,5,1,21,,48202,4,,,1,60,,48183,4,0,5,1,20,,48203,4,,,1
