102,'Saturday',533,,42533,4,,,1,26,,42488,4,,,1,62,,42489,4,,,1,18,,42487,29,,,1,20,,42507,29,,,1,61,,42506,29,,,1,20,,42508,29,,,1,60,,42509,29,,,1,20,,42510,29,,,1,20,,42511,29,,,1,60,,42512,29,,,1,24,,42513,29,,,1,20,,42514,29,,,1,61,,42515,29,,,1,21,,42516,29,,,1,19,,42517,29,,,1,60,,42518,29,,,1,20,,42519,29,,,1,20,,42520,29,,,1,61,,42521,29,,,1,20,,42522,29,,,1,20,,42523,29,,,1,60,,42524,29,,,1,22,,42525,29,,,1,18,,42527,29,,,1,60,,42528,29,,,1,20,,42529,29,,,1,19,,42526,29,,,1,59,,42530,29,,,1,23,,42531,29,,,1,21,,42532,29,,,1,60,,42505,29,,,1,19,,42503,29,,,1,20,,42502,29,,,1,59,,42499,29,,,1,21,,42500,29,,,1,20,,42497,29,,,1,60,,42495,29,,,1,20,,42498,29,,,1,20,,42496,29,,,1,59,,42501,29,,,1,19,,42494,29,,,1,16,,42504,29,,,1,69,,42535,29,,,1,35,,42536,29,,,1,68,,42537,29,,,1,26,,42538,29,,,1,70,,42539,29,,,1,30,,42540,29,,,1,72,,42541,29,,,1,30,,42542,29,,,1,91,,42492,29,,,1,69,,42490,29,,,1
102,'Sunday',622,,42547,29,,,1,83,,42545,29,,,1,16,,42571,29,,,1,20,,42572,29,,,1,61,,42573,29,,,1,20,,42574,29,,,1,20,,42576,29,,,1,60,,42577,29,,,1,20,,42578,29,,,1,20,,42575,29,,,1,60,,42580,29,,,1,20,,42581,29,,,1,20,,42566,29,,,1,60,,42567,29,,,1,20,,42551,29,,,1,20,,42561,29,,,1,60,,42549,29,,,1,21,,42560,29,,,1,20,,42553,29,,,1,60,,42558,29,,,1,21,,42565,29,,,1,20,,42562,29,,,1,60,,42548,29,,,1,20,,42564,29,,,1,20,,42557,29,,,1,66,,42550,29,,,1,20,,42554,29,,,1,20,,42569,29,,,1,60,,42552,29,,,1,20,,42568,29,,,1,20,,42559,29,,,1,60,,42570,29,,,1,21,,42563,29,,,1,20,,42555,29,,,1,60,,42556,29,,,1,20,,42579,29,,,1,20,,42584,29,,,1,60,,42585,29,,,1,19,,42583,29,,,1,20,,42582,29,,,1,60,,42586,29,,,1,19,,42587,29,,,1,20,,42588,29,,,1,60,,42589,29,,,1,20,,42591,29,,,1,20,,42592,29,,,1,60,,42593,29,,,1,13,,42590,29,,,1,20,,42594,29,,,1,66,,42597,29,,,1,25,,42598,29,,,1,26,,42595,29,,,1,59,,42596,29,,,1
102,'Weekday',424,,42602,4,,,1,25,,42603,29,,,1,59,,42604,29,,,1,22,,42601,29,,,1,21,,42607,29,,,1,61,,42608,29,,,1,21,,42606,29,,,1,19,,42605,29,,,1,58,,42617,29,,,1,14,,42614,18,0,5,1,9,,42611,29,,,1,13,,42621,18,0,5,1,10,,42613,29,,,1,50,,42612,18,0,5,1,14,,42616,29,0,7,1,15,,42615,18,0,5,1,12,,42619,29,,,1,11,,42609,18,0,5,1,53,,42620,29,,,1,12,,42618,18,0,5 7,1,11,,42610,29,,,1,14,,42633,18,0,5,1,56,,42623,29,,,1,10,,42634,18,0,5 7,1,12,,42624,29,,,1,13,,42635,18,0,5,1,12,,42625,29,,,1,68,,42636,18,0,5,1,20,,42626,29,,,1,18,,42637,18,0,5,1,47,,42627,29,,,1,25,,42638,18,0,5,1,17,,42628,29,,,1,56,,42639,18,0,5,1,12,,42629,29,,,1,24,,42640,18,0,5,1,10,,42630,29,0,7,1,61,,42641,18,0,5,1,7,,42622,29,,,1,24,,42642,18,0,5,1,18,,42631,29,,,1,62,,42643,18,0,5,1,7,,42632,29,,,1,16,,42664,18,0,5,1,8,,42650,29,,,1,7,,42665,18,0,5,1,56,,42648,29,,,1,14,,42666,18,0,5,1,12,,42645,29,,,1,61,,42651,29,,,1,14,,42667,18,0,5,1,9,,42652,29,,,1,9,,42653,29,,,1,9,,42668,18,0,5,1,12,,42654,29,,,1,49,,42646,18,0,5,1,15,,42644,18,0,5,1,14,,42655,29,,,1,13,,42649,18,0,5,1,14,,42656,29,,,1,53,,42657,29,,,1,9,,42647,18,0,5,1,8,,42658,29,,,1,24,,42659,29,,,1,64,,42660,29,,,1,20,,42661,29,,,1,22,,42662,29,,,1,57,,42663,29,,,1,20,,42671,29,,,1,64,,42670,29,,,1,22,,42669,29,,,1,79,,42672,29,,,1,30,,42673,29,,,1,76,,42674,29,,,1,28,,42675,29,,,1,75,,42676,29,,,1,32,,42677,29,,,1,72,,42678,29,,,1
1004,'Weekday',528,,45000,3,,,1,30,,44997,3,,,1,61,,45009,3,,,1,33,,44999,3,,,1,62,,44995,3,,,1,15,,45005,3,,,1,72,,44998,3,,,1,28,,45011,3,,,1,24,,45001,3,,,1,64,,44996,3,,,1,20,,45004,3,,,1,86,,45008,3,,,1,95,,45002,3,,,1,94,,45006,3,,,1,95,,45003,3,,,1,46,,45007,3,,,1,70,,45012,3,,,1,25,,45010,3,,,1,56,,45014,3,,,1,25,,45013,3,,,1,26,,45015,3,,,1,69,,45016,3,,,1,30,,45017,3,,,1,56,,45018,3,,,1,31,,45019,3,,,1,60,,45020,3,,,1,32,,45021,3,,,1,25,,45022,3,,,1
1304,'Saturday',802,,45603,4,,,1,100,,45605,4,,,1,100,,45604,4,,,1,100,,45606,4,,,1,101,,45607,4,,,1,100,,45609,4,,,1,100,,45610,4,,,1,100,,45611,4,,,1,100,,45608,4,,,1,100,,45612,4,,,1,100,,45613,4,,,1,100,,45614,4,,,1
1304,'Weekday',513,,45615,4,,,1,42,,45617,4,,,1,85,,45618,4,,,1,86,,45619,4,,,1,86,,45616,4,,,1,45,,45620,4,,,1,84,,45621,4,,,1,85,,45622,4,,,1,85,,45623,4,,,1,45,,45624,4,,,1,84,,45625,4,,,1,84,,45626,4,,,1,84,,45628,4,,,1,49,,45629,4,,,1,87,,45630,4,,,1,83,,45627,4,,,1,88,,45631,4,,,1,86,,45632,4,,,1,42,,45633,4,,,1,82,,45634,4,,,1
1803,'Saturday',409,,46777,27,0,5,1,128,,46742,4,,,1,20,,46782,4,,,1,60,,46783,4,,,1,24,,46754,27,,,1,60,,46733,27,,,1,20,,46780,27,,,1,20,,46730,27,,,1,61,,46781,27,,,1,23,,46757,27,,,1,22,,46756,27,,,1,63,,46739,27,,,1,20,,46732,27,,,1,20,,46734,27,,,1,60,,46743,27,,,1,20,,46726,27,,,1,18,,46752,27,,,1,59,,46737,27,,,1,24,,46728,27,,,1,23,,46729,27,,,1,63,,46735,27,,,1,2,,46785,27,0,5,1,17,,46744,27,,,1,12,,46784,27,0,5,1,8,,46727,27,,,1,59,,46746,27,,,1,21,,46738,27,,,1,20,,46731,27,,,1,63,,46741,27,,,1,20,,46740,27,,,1,18,,46753,27,,,1,57,,46736,27,,,1,23,,46751,27,,,1,20,,46748,27,,,1,60,,46755,27,,,1,25,,46747,27,,,1,15,,46745,27,,,1,62,,46750,27,,,1,20,,46749,27,,,1,19,,46763,27,,,1,60,,46758,27,,,1,21,,46759,27,,,1,20,,46761,27,,,1,58,,46760,27,,,1,17,,46762,27,,,1,19,,46764,27,,,1,63,,46766,27,,,1,20,,46769,27,,,1,20,,46767,27,,,1,60,,46778,27,,,1,16,,46765,27,,,1,17,,46768,27,,,1,57,,46770,27,,,1,23,,46779,27,,,1,24,,46771,27,,,1,72,,46772,27,,,1,23,,46773,27,,,1,65,,46775,27,,,1,35,,46774,27,,,1,65,,46776,27,,,1
1803,'Sunday',412,,46820,27,0,5,1,240,,46788,4,,,1,78,,46786,4,,,1,84,,46787,27,,,1,33,,46790,27,,,1,57,,46819,4,,,1,16,,46799,27,,,1,33,,46792,27,,,1,69,,46795,27,,,1,27,,46818,27,,,1,62,,46810,27,,,1,23,,46791,27,,,1,24,,46811,27,,,1,63,,46821,27,0,5,1,15,,46817,27,,,1,15,,46822,27,0,5,1,63,,46807,27,,,1,34,,46805,27,,,1,73,,46803,27,,,1,33,,46793,27,,,1,74,,46796,27,,,1,73,,46794,27,,,1,33,,46815,27,,,1,73,,46814,27,,,1,33,,46808,27,,,1,73,,46806,27,,,1,33,,46801,27,,,1,75,,46802,27,,,1,34,,46798,27,,,1,69,,46789,27,,,1,31,,46797,27,,,1,74,,46816,27,,,1,30,,46812,27,,,1,72,,46813,27,,,1,73,,46809,27,,,1,31,,46804,27,,,1,73,,46800,27,,,1
1803,'Weekday',409,,46827,27,0,5,1,98,,46931,27,,,1,9,,46826,27,,,1,11,,46876,27,,,1,10,,46869,27,,,1,10,,46866,27,,,1,10,,46868,27,,,1,46,,46929,27,,,1,8,,46867,27,,,1,6,,46875,27,,,1,7,,46930,27,,,1,7,,46879,27,,,1,10,,46878,27,,,1,10,,46888,27,,,1,50,,46885,27,,,1,11,,46886,27,,,1,10,,46883,27,,,1,10,,46871,27,,,1,10,,46880,27,,,1,10,,46882,27,,,1,50,,46877,27,,,1,12,,46873,27,,,1,10,,46872,27,,,1,10,,46926,27,0,5,1,8,,46874,27,,,1,10,,46887,27,,,1,49,,46884,27,,,1,10,,46881,27,,,1,9,,46870,27,,,1,12,,46829,27,,,1,12,,46831,27,,,1,57,,46832,27,,,1,17,,46833,27,,,1,15,,46834,27,,,1,19,,46835,27,,,1,56,,46836,27,,,1,17,,46837,27,,,1,14,,46838,27,,,1,13,,46858,27,0,5,1,52,,46840,27,,,1,14,,46839,27,,,1,17,,46841,27,,,1,17,,46842,27,,,1,59,,46843,27,,,1,20,,46844,27,,,1,17,,46845,27,,,1,57,,46846,27,,,1,17,,46847,27,,,1,14,,46892,27,,,1,12,,46889,27,,,1,52,,46893,27,,,1,12,,46894,27,,,1,12,,46895,27,,,1,12,,46896,27,,,1,12,,46897,27,,,1,54,,46898,27,,,1,12,,46927,27,0,5,1,8,,46899,27,,,1,11,,46900,27,,,1,12,,46901,27,,,1,10,,46902,27,,,1,49,,46928,27,0,5,1,8,,46903,27,,,1,10,,46905,27,,,1,12,,46906,27,,,1,11,,46907,27,,,1,12,,46904,27,,,1,51,,46908,27,,,1,10,,46909,27,,,1,10,,46910,27,,,1,10,,46911,27,,,1,12,,46912,27,,,1,52,,46913,27,,,1,11,,46914,27,,,1,10,,46915,27,,,1,12,,46916,27,,,1,12,,46917,27,,,1,12,,46918,27,,,1,51,,46919,27,,,1,11,,46920,27,,,1,12,,46921,27,,,1,11,,46922,27,,,1,13,,46923,27,,,1,52,,46924,27,,,1,11,,46925,27,,,1,10,,46848,27,,,1,18,,46851,27,,,1,60,,46856,27,,,1,20,,46850,27,,,1,20,,46861,27,,,1,52,,46865,27,,,1,12,,46860,27,,,1,19,,46830,27,,,1,18,,46857,27,,,1,58,,46853,27,,,1,20,,46852,27,,,1,21,,46859,27,,,1,59,,46855,27,,,1,20,,46864,27,,,1,22,,46862,27,,,1,58,,46849,27,,,1,20,,46863,27,,,1,20,,46854,27,,,1
1804,'Saturday',539,,46952,4,,,1,20,,46937,4,,,1,60,,46991,4,,,1,18,,46938,38,,,1,20,,46992,38,,,1,60,,46990,38,,,1,25,,46988,38,,,1,60,,46989,38,,,1,26,,46987,38,,,1,16,,46947,38,,,1,67,,46960,38,,,1,21,,46985,38,,,1,1,,46986,38,,,1,18,,46959,38,,,1,60,,46943,38,,,1,22,,46935,38,,,1,18,,46933,38,,,1,63,,46940,38,,,1,20,,46948,38,,,1,15,,46932,38,,,1,62,,46949,38,,,1,23,,46939,38,,,1,20,,46934,38,,,1,61,,46936,38,,,1,19,,46944,38,,,1,18,,46951,38,,,1,58,,46946,38,,,1,19,,46950,38,,,1,23,,46945,38,,,1,60,,46942,38,,,1,23,,46941,38,,,1,17,,46956,38,,,1,60,,46953,38,,,1,18,,46954,38,,,1,22,,46955,38,,,1,60,,46957,38,,,1,20,,46958,38,,,1,20,,46963,38,,,1,60,,46961,38,,,1,18,,46962,38,,,1,18,,46964,38,,,1,57,,46965,38,,,1,12,,46993,38,,,1,10,,46966,38,,,1,16,,46967,38,,,1,14,,46984,38,,,1,56,,46968,38,,,1,14,,46969,38,,,1,17,,46970,38,,,1,57,,46975,38,,,1,34,,46971,38,,,1,24,,46973,38,,,1,70,,46972,38,,,1,26,,46978,38,,,1,70,,46977,38,,,1,31,,46979,38,,,1,68,,46976,38,,,1
1804,'Sunday',714,,46995,38,,,1,37,,46997,38,,,1,75,,46999,38,,,1,25,,47001,38,,,1,63,,46998,38,,,1,20,,47027,38,0,5,1,19,,47026,38,,,1,58,,47002,38,,,1,18,,47000,38,,,1,28,,47004,38,,,1,68,,47005,38,,,1,25,,47029,38,,,1,65,,47006,38,,,1,29,,47003,38,,,1,73,,47007,38,,,1,33,,47008,38,,,1,73,,47011,38,,,1,33,,47013,38,,,1,73,,47010,38,,,1,73,,47014,38,,,1,33,,47012,38,,,1,73,,47015,38,,,1,33,,47009,38,,,1,73,,47018,38,,,1,21,,47019,38,,,1,21,,47020,38,,,1,64,,47030,38,0,5,1,23,,47016,38,,,1,62,,47028,38,0,5,1,29,,47017,38,,,1,24,,47021,38,,,1,72,,47022,38,,,1,73,,47023,38,,,1,33,,47024,38,,,1,73,,47025,38,,,1
1804,'Weekday',416,,47031,4,,,1,10,,47032,4,,,1,10,,47033,4,,,1,9,,47034,38,,,1,6,,47036,38,,,1,6,,47037,38,,,1,45,,47035,38,,,1,5,,47137,38,,,1,7,,47093,38,,,1,6,,47139,38,,,1,9,,47094,38,,,1,11,,47095,38,,,1,9,,47096,38,,,1,8,,47097,38,,,1,50,,47098,38,,,1,11,,47099,38,,,1,11,,47100,38,,,1,9,,47101,38,,,1,10,,47102,38,,,1,11,,47103,38,,,1,50,,47104,38,,,1,10,,47079,38,,,1,9,,47078,38,,,1,11,,47090,38,,,1,12,,47088,38,,,1,51,,47092,38,,,1,9,,47091,38,,,1,12,,47087,38,,,1,10,,47085,38,,,1,9,,47086,38,,,1,10,,47084,38,,,1,50,,47082,38,,,1,9,,47081,38,,,1,9,,47080,38,,,1,10,,47089,38,,,1,12,,47083,38,,,1,11,,47039,38,,,1,53,,47069,38,0,5,1,11,,47040,38,,,1,14,,47041,38,,,1,15,,47042,38,,,1,55,,47043,38,,,1,16,,47044,38,,,1,16,,47045,38,,,1,18,,47047,38,,,1,58,,47048,38,,,1,18,,47046,38,,,1,17,,47050,38,,,1,56,,47049,38,,,1,14,,47051,38,,,1,19,,47052,38,,,1,17,,47053,38,,,1,58,,47054,38,,,1,20,,47055,38,,,1,12,,47106,38,,,1,13,,47107,38,,,1,52,,47105,38,,,1,12,,47108,38,,,1,11,,47109,38,,,1,10,,47110,38,,,1,12,,47111,38,,,1,52,,47112,38,,,1,12,,47113,38,,,1,12,,47114,38,,,1,13,,47115,38,,,1,12,,47116,38,,,1,52,,47117,38,,,1,12,,47118,38,,,1,12,,47120,38,,,1,11,,47121,38,,,1,12,,47122,38,,,1,51,,47119,38,,,1,8,,47123,38,,,1,7,,47138,38,,,1,10,,47124,38,,,1,10,,47125,38,,,1,13,,47126,38,,,1,52,,47127,38,,,1,9,,47128,38,,,1,11,,47129,38,,,1,13,,47130,38,,,1,12,,47131,38,,,1,12,,47132,38,,,1,52,,47133,38,,,1,13,,47134,38,,,1,12,,47135,38,,,1,10,,47136,38,,,1,14,,47077,38,,,1,53,,47057,38,,,1,13,,47058,38,,,1,16,,47056,38,,,1,15,,47064,38,,,1,54,,47070,38,,,1,20,,47065,38,,,1,17,,47066,38,,,1,54,,47073,38,,,1,14,,47072,38,,,1,15,,47075,38,,,1,20,,47068,38,,,1,54,,47061,38,,,1,12,,47062,38,,,1,14,,47074,38,,,1,16,,47076,38,,,1,11,,47060,38,,,1,53,,47071,38,,,1,19,,47063,38,,,1,20,,47059,38,,,1,60,,47038,38,,,1,20,,47067,38,,,1
