604,'Saturday',646,,44124,2,,,1,85,,44109,2,,,1,85,,44107,2,,,1,85,,44110,2,,,1,45,,44108,2,,,1,85,,44111,2,,,1,85,,44114,2,,,1,85,,44116,2,,,1,45,,44112,2,,,1,85,,44113,2,,,1,85,,44117,2,,,1,84,,44121,2,,,1,45,,44122,2,,,1,85,,44119,2,,,1,85,,44118,2,,,1,86,,44115,2,,,1,45,,44120,2,,,1,85,,44123,2,,,1
604,'Sunday',801,,44126,2,,,1,45,,44127,2,,,1,85,,44129,2,,,1,85,,44125,2,,,1,85,,44131,2,,,1,45,,44132,2,,,1,85,,44130,2,,,1,85,,44133,2,,,1,85,,44128,2,,,1,45,,44134,2,,,1,85,,44135,2,,,1,85,,44136,2,,,1,85,,44137,2,,,1,45,,44138,2,,,1,85,,44139,2,,,1
604,'Weekday',514,,44140,2,,,1,20,,44143,2,,,1,20,,44152,2,,,1,60,,44147,2,,,1,20,,44153,2,,,1,17,,44146,2,,,1,62,,44151,2,,,1,18,,44145,2,,,1,23,,44149,2,,,1,60,,44150,2,,,1,18,,44144,2,,,1,22,,44170,2,,,1,57,,44141,2,,,1,22,,44165,2,,,1,19,,44157,2,,,1,61,,44163,2,,,1,26,,44160,2,,,1,62,,44156,2,,,1,20,,44164,2,,,1,21,,44158,2,,,1,65,,44159,2,,,1,22,,44162,2,,,1,20,,44161,2,,,1,63,,44166,2,,,1,23,,44168,2,,,1,22,,44155,2,,,1,63,,44154,2,,,1,22,,44148,2,,,1,58,,44142,2,,,1,20,,44172,2,,,1,20,,44173,2,,,1,61,,44174,2,,,1,19,,44176,2,,,1,20,,44177,2,,,1,60,,44175,2,,,1,20,,44178,2,,,1,22,,44179,2,,,1,58,,44181,2,,,1,20,,44183,2,,,1,22,,44184,2,,,1,67,,44180,2,,,1,21,,44185,2,,,1,25,,44182,2,,,1,65,,44186,2,,,1,23,,44187,2,,,1,67,,44188,2,,,1,27,,44189,2,,,1,73,,44167,2,,,1,27,,44171,2,,,1,68,,44169,2,,,1,30,,44190,2,,,1
2301,'Saturday',627,,47292,2,,,1,30,,47290,2,,,1,68,,47300,2,,,1,28,,47304,2,,,1,62,,47305,2,,,1,28,,47302,2,,,1,68,,47301,2,,,1,28,,47303,2,,,1,68,,47306,2,,,1,28,,47307,2,,,1,68,,47308,2,,,1,28,,47309,2,,,1,28,,47311,2,,,1,68,,47313,2,,,1,28,,47314,2,,,1,68,,47310,2,,,1,28,,47315,2,,,1,68,,47316,2,,,1,28,,47317,2,,,1,68,,47318,2,,,1,28,,47312,2,,,1,68,,47319,2,,,1,28,,47320,2,,,1,71,,47321,2,,,1,34,,47322,2,,,1,82,,47294,2,,,1,75,,47291,2,,,1,30,,47295,2,,,1,71,,47293,2,,,1,31,,47297,2,,,1,71,,47299,2,,,1,27,,47296,2,,,1,70,,47298,2,,,1,30,,47323,2,,,1,70,,47325,2,,,1,30,,47324,2,,,1,70,,47326,2,,,1,30,,47327,2,,,1
2301,'Sunday',721,,47356,2,,,1,25,,47329,2,,,1,70,,47331,2,,,1,25,,47328,2,,,1,70,,47332,2,,,1,26,,47330,2,,,1,68,,47334,2,,,1,28,,47335,2,,,1,68,,47336,2,,,1,28,,47333,2,,,1,28,,47337,2,,,1,68,,47341,2,,,1,28,,47342,2,,,1,68,,47339,2,,,1,28,,47338,2,,,1,68,,47343,2,,,1,29,,47344,2,,,1,70,,47345,2,,,1,30,,47340,2,,,1,66,,47347,2,,,1,29,,47348,2,,,1,68,,47350,2,,,1,30,,47346,2,,,1,70,,47352,2,,,1,30,,47349,2,,,1,67,,47354,2,,,1,30,,47351,2,,,1,73,,47353,2,,,1,28,,47357,2,,,1,68,,47355,2,,,1,28,,47359,2,,,1,68,,47358,2,,,1
2301,'Weekday',411,,47360,2,,,1,15,,47361,2,,,1,15,,47362,2,,,1,15,,47363,2,,,1,55,,47364,2,,,1,15,,47365,2,,,1,15,,47366,2,,,1,14,,47367,2,,,1,56,,47368,2,,,1,15,,47369,2,,,1,15,,47370,2,,,1,15,,47372,2,,,1,55,,47373,2,,,1,15,,47374,2,,,1,15,,47371,2,,,1,15,,47376,2,,,1,55,,47377,2,,,1,15,,47378,2,,,1,15,,47375,2,,,1,15,,47379,2,,,1,64,,47380,2,,,1,32,,47381,2,,,1,69,,47382,2,,,1,25,,47383,2,,,1,68,,47384,2,,,1,34,,47385,2,,,1,69,,47386,2,,,1,30,,47387,2,,,1,66,,47388,2,,,1,26,,47419,2,,,1,20,,47389,2,,,1,57,,47418,2,,,1,14,,47415,2,,,1,16,,47417,2,,,1,55,,47416,2,,,1,15,,47391,2,,,1,15,,47390,2,,,1,15,,47392,2,,,1,55,,47394,2,,,1,15,,47396,2,,,1,15,,47397,2,,,1,15,,47398,2,,,1,55,,47395,2,,,1,15,,47399,2,,,1,15,,47393,2,,,1,15,,47401,2,,,1,55,,47402,2,,,1,15,,47400,2,,,1,15,,47404,2,,,1,15,,47403,2,,,1,60,,47405,2,,,1,37,,47407,2,,,1,71,,47408,2,,,1,34,,47409,2,,,1,74,,47410,2,,,1,34,,47411,2,,,1,75,,47406,2,,,1,75,,47412,2,,,1,33,,47413,2,,,1,74,,47414,2,,,1
2603,'Saturday',658,,47702,2,,,1,63,,47705,2,,,1,30,,47706,2,,,1,70,,47703,2,,,1,30,,47704,2,,,1,70,,47707,2,,,1,30,,47708,2,,,1,70,,47710,2,,,1,30,,47711,2,,,1,70,,47712,2,,,1,30,,47709,2,,,1,70,,47714,2,,,1,30,,47718,2,,,1,70,,47713,2,,,1,30,,47719,2,,,1,70,,47716,2,,,1,30,,47715,2,,,1,70,,47720,2,,,1,30,,47717,2,,,1,70,,47721,2,,,1,30,,47722,2,,,1,70,,47723,2,,,1,30,,47724,2,,,1,70,,47726,2,,,1,30,,47727,2,,,1,70,,47728,2,,,1,30,,47725,2,,,1,70,,47729,2,,,1,30,,47730,2,,,1,70,,47731,2,,,1,30,,47732,2,,,1
2603,'Sunday',657,,47733,2,,,1,94,,47735,2,,,1,100,,47734,2,,,1,100,,47736,2,,,1,100,,47737,2,,,1,100,,47738,2,,,1,100,,47740,2,,,1,100,,47742,2,,,1,100,,47739,2,,,1,100,,47744,2,,,1,100,,47741,2,,,1,100,,47745,2,,,1,100,,47746,2,,,1,100,,47743,2,,,1,100,,47747,2,,,1
2603,'Weekday',423,,47748,2,,,1,22,,47749,2,,,1,62,,47750,2,,,1,18,,47751,2,,,1,19,,47752,2,,,1,69,,47753,2,,,1,22,,47754,2,,,1,20,,47755,2,,,1,57,,47756,2,,,1,27,,47757,2,,,1,62,,47758,2,,,1,24,,47759,2,,,1,22,,47760,2,,,1,62,,47761,2,,,1,22,,47762,2,,,1,22,,47763,2,,,1,62,,47764,2,,,1,22,,47765,2,,,1,22,,47766,2,,,1,62,,47767,2,,,1,22,,47768,2,,,1,62,,47770,2,,,1,22,,47772,2,,,1,22,,47773,2,,,1,62,,47769,2,,,1,22,,47774,2,,,1,22,,47771,2,,,1,62,,47775,2,,,1,22,,47776,2,,,1,62,,47777,2,,,1,22,,47778,2,,,1,22,,47780,2,,,1,62,,47781,2,,,1,25,,47782,2,,,1,19,,47779,2,,,1,62,,47783,2,,,1,27,,47784,2,,,1,18,,47785,2,,,1,61,,47786,2,,,1,22,,47787,2,,,1,68,,47788,2,,,1,18,,47789,2,,,1,20,,47790,2,,,1,62,,47791,2,,,1,22,,47792,2,,,1,22,,47793,2,,,1,62,,47794,2,,,1,22,,47795,2,,,1,22,,47796,2,,,1,62,,47797,2,,,1,22,,47798,2,,,1,62,,47799,2,,,1,22,,47800,2,,,1,21,,47801,2,,,1,62,,47802,2,,,1,26,,47803,2,,,1
2703,'Saturday',751,,47903,2,,,1,75,,47906,2,,,1,75,,47907,2,,,1,35,,47904,2,,,1,75,,47908,2,,,1,35,,47905,2,,,1,75,,47909,2,,,1,35,,47910,2,,,1,75,,47912,2,,,1,75,,47913,2,,,1,35,,47915,2,,,1,75,,47911,2,,,1,35,,47916,2,,,1,75,,47914,2,,,1,75,,47919,2,,,1,35,,47920,2,,,1,75,,47917,2,,,1,35,,47918,2,,,1
2703,'Weekday',541,,47922,2,,,1,73,,47923,2,,,1,35,,47925,2,,,1,75,,47926,2,,,1,76,,47921,2,,,1,31,,47924,2,,,1,73,,47927,2,,,1,36,,47928,2,,,1,75,,47929,2,,,1,32,,47930,2,,,1,73,,47931,2,,,1,33,,47932,2,,,1,73,,47933,2,,,1,33,,47934,2,,,1,75,,47936,2,,,1,71,,47935,2,,,1,34,,47938,2,,,1,73,,47939,2,,,1,39,,47937,2,,,1,81,,47940,2,,,1,80,,47941,2,,,1,36,,47942,2,,,1,74,,47943,2,,,1,34,,47944,2,,,1,83,,47945,2,,,1,74,,47946,2,,,1
2801,'Saturday',606,,47992,2,0,5,1,25,,48007,2,,,1,25,,47993,2,0,5,1,65,,48010,2,,,1,25,,47991,2,0,5,1,65,,48011,2,,,1,25,,47994,2,0,5,1,65,,48012,2,,,1,25,,47995,2,0,5,1,25,,48009,2,,,1,65,,47996,2,0,5,1,25,,48013,2,,,1,65,,47997,2,0,5,1,25,,48014,2,,,1,25,,47998,2,0,5,1,65,,48015,2,,,1,25,,47999,2,0,5,1,65,,48016,2,,,1,25,,48000,2,0,5,1,65,,48017,2,,,1,25,,48001,2,0,5,1,25,,48018,2,,,1,65,,48003,2,0,5,1,25,,48019,2,,,1,65,,48004,2,0,5,1,25,,48020,2,,,1,25,,48005,2,0,5,1,65,,48021,2,,,1,25,,48002,2,0,5,1,65,,48022,2,,,1,25,,48006,2,0,5,1,65,,48008,2,,,1
2801,'Sunday',606,,48035,2,0,5,1,25,,48026,2,,,1,25,,48024,2,0,5,1,65,,48031,2,,,1,25,,48029,2,0,5,1,65,,48023,2,,,1,25,,48032,2,0,5,1,65,,48028,2,,,1,25,,48025,2,0,5,1,25,,48033,2,,,1,65,,48027,2,0,5,1,25,,48030,2,,,1,65,,48036,2,0,5,1,25,,48034,2,,,1,25,,48037,2,0,5,1,65,,48038,2,,,1,25,,48039,2,0,5,1,65,,48040,2,,,1,25,,48041,2,0,5,1,65,,48042,2,,,1,25,,48043,2,0,5,1,25,,48045,2,,,1,65,,48044,2,0,5,1,25,,48046,2,,,1,65,,48047,2,0,5,1,25,,48049,2,,,1,25,,48048,2,0,5,1,65,,48050,2,,,1,25,,48052,2,0,5,1,65,,48051,2,,,1,25,,48053,2,0,5,1,65,,48054,2,,,1
2801,'Weekday',431,,48097,2,,,1,75,,48096,2,,,1,44,,48095,2,,,1,59,,48055,2,0,5,1,20,,48077,2,,,1,22,,48058,2,0,5,1,59,,48078,2,,,1,20,,48059,2,0,5,1,18,,48079,2,,,1,59,,48060,2,0,5,1,20,,48080,2,,,1,19,,48061,2,0,5,1,61,,48081,2,,,1,21,,48062,2,0,5,1,21,,48084,2,,,1,58,,48063,2,0,5,1,24,,48085,2,,,1,20,,48064,2,0,5,1,60,,48086,2,,,1,20,,48065,2,0,5,1,20,,48082,2,,,1,60,,48066,2,0,5,1,20,,48083,2,,,1,20,,48069,2,0,5,1,60,,48087,2,,,1,20,,48070,2,0,5,1,20,,48088,2,,,1,60,,48071,2,0,5,1,21,,48089,2,,,1,19,,48067,2,0,5,1,60,,48090,2,,,1,21,,48068,2,0,5,1,21,,48091,2,,,1,58,,48072,2,0,5,1,21,,48092,2,,,1,19,,48073,2,0,5,1,60,,48093,2,,,1,21,,48074,2,0,5,1,19,,48057,2,,,1,63,,48075,2,0,5,1,19,,48056,2,,,1,20,,48076,2,0,5,1,60,,48094,2,,,1
