102,'Saturday',531,,42533,3,,,1,26,,42488,3,,,1,63,,42489,3,,,1,18,,42487,28,,,1,20,,42507,28,,,1,61,,42506,28,,,1,20,,42508,28,,,1,20,,42509,28,,,1,60,,42510,28,,,1,20,,42511,28,,,1,20,,42512,28,,,1,64,,42513,28,,,1,20,,42514,28,,,1,60,,42515,28,,,1,21,,42516,28,,,1,19,,42517,28,,,1,60,,42518,28,,,1,20,,42519,28,,,1,20,,42520,28,,,1,61,,42521,28,,,1,20,,42522,28,,,1,20,,42523,28,,,1,60,,42524,28,,,1,22,,42525,28,,,1,18,,42527,28,,,1,60,,42528,28,,,1,20,,42529,28,,,1,19,,42526,28,,,1,59,,42530,28,,,1,23,,42531,28,,,1,21,,42532,28,,,1,59,,42505,28,,,1,19,,42503,28,,,1,20,,42502,28,,,1,60,,42499,28,,,1,21,,42500,28,,,1,20,,42497,28,,,1,60,,42495,28,,,1,20,,42498,28,,,1,20,,42496,28,,,1,59,,42501,28,,,1,19,,42494,28,,,1,16,,42504,28,,,1,70,,42535,28,,,1,35,,42536,28,,,1,68,,42537,28,,,1,26,,42538,28,,,1,70,,42539,28,,,1,30,,42540,28,,,1,72,,42541,28,,,1,30,,42542,28,,,1,91,,42492,28,,,1,69,,42490,28,,,1
102,'Sunday',621,,42547,28,,,1,83,,42545,28,,,1,16,,42571,28,,,1,20,,42572,28,,,1,60,,42573,28,,,1,20,,42574,28,,,1,20,,42576,28,,,1,60,,42577,28,,,1,20,,42578,28,,,1,20,,42575,28,,,1,60,,42580,28,,,1,20,,42581,28,,,1,20,,42566,28,,,1,60,,42567,28,,,1,20,,42551,28,,,1,20,,42561,28,,,1,60,,42549,28,,,1,21,,42560,28,,,1,20,,42553,28,,,1,60,,42558,28,,,1,21,,42565,28,,,1,20,,42562,28,,,1,60,,42548,28,,,1,20,,42564,28,,,1,20,,42557,28,,,1,66,,42550,28,,,1,20,,42554,28,,,1,20,,42569,28,,,1,60,,42552,28,,,1,20,,42568,28,,,1,20,,42559,28,,,1,60,,42570,28,,,1,21,,42563,28,,,1,20,,42555,28,,,1,60,,42556,28,,,1,20,,42579,28,,,1,20,,42584,28,,,1,60,,42585,28,,,1,19,,42583,28,,,1,20,,42582,28,,,1,60,,42586,28,,,1,19,,42587,28,,,1,20,,42588,28,,,1,60,,42589,28,,,1,20,,42591,28,,,1,20,,42592,28,,,1,60,,42593,28,,,1,13,,42590,28,,,1,20,,42594,28,,,1,67,,42597,28,,,1,25,,42598,28,,,1,26,,42595,28,,,1,59,,42596,28,,,1
102,'Weekday',422,,42602,3,,,1,25,,42603,28,,,1,59,,42604,28,,,1,22,,42601,28,,,1,21,,42607,28,,,1,60,,42608,28,,,1,21,,42606,28,,,1,19,,42605,28,,,1,58,,42617,28,,,1,14,,42614,17,0,5,1,9,,42611,28,,,1,13,,42621,17,0,5,1,10,,42613,28,,,1,50,,42612,17,0,5,1,15,,42616,28,0,7,1,14,,42615,17,0,5,1,12,,42619,28,,,1,11,,42609,17,0,5,1,53,,42620,28,,,1,12,,42618,17,0,5 7,1,11,,42610,28,,,1,14,,42633,17,0,5,1,56,,42623,28,,,1,10,,42634,17,0,5 7,1,12,,42624,28,,,1,13,,42635,17,0,5,1,12,,42625,28,,,1,68,,42636,17,0,5,1,20,,42626,28,,,1,18,,42637,17,0,5,1,47,,42627,28,,,1,25,,42638,17,0,5,1,17,,42628,28,,,1,16,,42639,17,0,5,1,52,,42629,28,,,1,24,,42640,17,0,5,1,10,,42630,28,0,7,1,61,,42641,17,0,5,1,7,,42622,28,,,1,24,,42642,17,0,5,1,18,,42631,28,,,1,63,,42643,17,0,5,1,7,,42632,28,,,1,16,,42664,17,0,5,1,8,,42650,28,,,1,7,,42665,17,0,5,1,56,,42648,28,,,1,14,,42666,17,0,5,1,12,,42645,28,,,1,21,,42651,28,,,1,54,,42667,17,0,5,1,9,,42652,28,,,1,9,,42653,28,,,1,9,,42668,17,0,5,1,12,,42654,28,,,1,49,,42646,17,0,5,1,15,,42644,17,0,5,1,14,,42655,28,,,1,13,,42649,17,0,5,1,14,,42656,28,,,1,52,,42657,28,,,1,9,,42647,17,0,5,1,8,,42658,28,,,1,24,,42659,28,,,1,65,,42660,28,,,1,20,,42661,28,,,1,22,,42662,28,,,1,57,,42663,28,,,1,20,,42671,28,,,1,24,,42670,28,,,1,62,,42669,28,,,1,39,,42672,28,,,1,70,,42673,28,,,1,77,,42674,28,,,1,28,,42675,28,,,1,75,,42676,28,,,1,32,,42677,28,,,1,72,,42678,28,,,1
1004,'Weekday',526,,45000,2,,,1,30,,44997,2,,,1,61,,45009,2,,,1,33,,44999,2,,,1,62,,44995,2,,,1,15,,45005,2,,,1,32,,44998,2,,,1,68,,45011,2,,,1,24,,45001,2,,,1,64,,44996,2,,,1,20,,45004,2,,,1,86,,45008,2,,,1,95,,45002,2,,,1,94,,45006,2,,,1,95,,45003,2,,,1,46,,45007,2,,,1,70,,45012,2,,,1,25,,45010,2,,,1,56,,45014,2,,,1,25,,45013,2,,,1,26,,45015,2,,,1,69,,45016,2,,,1,30,,45017,2,,,1,56,,45018,2,,,1,31,,45019,2,,,1,20,,45020,2,,,1,72,,45021,2,,,1,25,,45022,2,,,1
1304,'Saturday',801,,45603,3,,,1,100,,45605,3,,,1,100,,45604,3,,,1,100,,45606,3,,,1,100,,45607,3,,,1,100,,45609,3,,,1,100,,45610,3,,,1,100,,45611,3,,,1,100,,45608,3,,,1,100,,45612,3,,,1,100,,45613,3,,,1,100,,45614,3,,,1
1304,'Weekday',512,,45615,3,,,1,42,,45617,3,,,1,84,,45618,3,,,1,86,,45619,3,,,1,86,,45616,3,,,1,45,,45620,3,,,1,85,,45621,3,,,1,85,,45622,3,,,1,85,,45623,3,,,1,45,,45624,3,,,1,84,,45625,3,,,1,83,,45626,3,,,1,84,,45628,3,,,1,49,,45629,3,,,1,87,,45630,3,,,1,83,,45627,3,,,1,88,,45631,3,,,1,46,,45632,3,,,1,82,,45633,3,,,1,82,,45634,3,,,1
1604,'Saturday',602,,46543,2,,,1,40,,46544,2,,,1,80,,46545,2,,,1,80,,46546,2,,,1,40,,46547,2,,,1,80,,46548,2,,,1,80,,46549,2,,,1,40,,46550,2,,,1,80,,46551,2,,,1,80,,46552,2,,,1,40,,46554,2,,,1,80,,46553,2,,,1,80,,46556,2,,,1,40,,46555,2,,,1,80,,46557,2,,,1,80,,46558,2,,,1,40,,46560,2,,,1,80,,46559,2,,,1,80,,46561,2,,,1,40,,46562,2,,,1,80,,46563,2,,,1,80,,46565,2,,,1,40,,46567,2,,,1,80,,46564,2,,,1,80,,46566,2,,,1,40,,46568,2,,,1,80,,46569,2,,,1,80,,46570,2,,,1
1604,'Sunday',817,,46575,2,,,1,40,,46579,2,,,1,80,,46571,2,,,1,80,,46573,2,,,1,40,,46578,2,,,1,80,,46572,2,,,1,80,,46574,2,,,1,40,,46576,2,,,1,80,,46577,2,,,1,80,,46581,2,,,1,42,,46580,2,,,1,78,,46583,2,,,1,80,,46582,2,,,1,40,,46584,2,,,1,80,,46587,2,,,1,80,,46586,2,,,1,40,,46585,2,,,1,80,,46589,2,,,1,80,,46588,2,,,1,40,,46590,2,,,1,80,,46591,2,,,1,80,,46592,2,,,1,40,,46593,2,,,1
1604,'Weekday',527,,46594,2,,,1,78,,46595,2,,,1,29,,46596,2,,,1,23,,46597,2,,,1,88,,46598,2,,,1,75,,46599,2,,,1,36,,46600,2,,,1,71,,46601,2,,,1,73,,46602,2,,,1,47,,46619,2,,,1,84,,46620,2,,,1,87,,46621,2,,,1,86,,46622,2,,,1,48,,46623,2,,,1,86,,46624,2,,,1,63,,46603,2,,,1,27,,46604,2,,,1,72,,46605,2,,,1,30,,46606,2,,,1,70,,46607,2,,,1,30,,46608,2,,,1,70,,46609,2,,,1,30,,46610,2,,,1,70,,46611,2,,,1,28,,46612,2,,,1,89,,46613,2,,,1,83,,46614,2,,,1,47,,46615,2,,,1,85,,46616,2,,,1,85,,46617,2,,,1,85,,46618,2,,,1
1803,'Saturday',408,,46777,26,0,5,1,128,,46742,3,,,1,20,,46782,3,,,1,60,,46783,3,,,1,24,,46754,26,,,1,60,,46733,26,,,1,20,,46780,26,,,1,20,,46730,26,,,1,61,,46781,26,,,1,23,,46757,26,,,1,22,,46756,26,,,1,63,,46739,26,,,1,20,,46732,26,,,1,20,,46734,26,,,1,60,,46743,26,,,1,20,,46726,26,,,1,18,,46752,26,,,1,59,,46737,26,,,1,24,,46728,26,,,1,23,,46729,26,,,1,63,,46735,26,,,1,2,,46785,26,0,5,1,17,,46744,26,,,1,12,,46784,26,0,5,1,8,,46727,26,,,1,59,,46746,26,,,1,21,,46738,26,,,1,20,,46731,26,,,1,62,,46741,26,,,1,20,,46740,26,,,1,18,,46753,26,,,1,57,,46736,26,,,1,23,,46751,26,,,1,20,,46748,26,,,1,60,,46755,26,,,1,25,,46747,26,,,1,15,,46745,26,,,1,62,,46750,26,,,1,20,,46749,26,,,1,19,,46763,26,,,1,60,,46758,26,,,1,21,,46759,26,,,1,20,,46761,26,,,1,58,,46760,26,,,1,17,,46762,26,,,1,19,,46764,26,,,1,63,,46766,26,,,1,20,,46769,26,,,1,20,,46767,26,,,1,60,,46778,26,,,1,16,,46765,26,,,1,17,,46768,26,,,1,57,,46770,26,,,1,23,,46779,26,,,1,24,,46771,26,,,1,73,,46772,26,,,1,23,,46773,26,,,1,65,,46775,26,,,1,35,,46774,26,,,1,65,,46776,26,,,1
1803,'Sunday',411,,46820,26,0,5,1,240,,46788,3,,,1,78,,46786,3,,,1,84,,46787,26,,,1,33,,46790,26,,,1,57,,46819,3,,,1,16,,46799,26,,,1,33,,46792,26,,,1,69,,46795,26,,,1,27,,46818,26,,,1,62,,46810,26,,,1,23,,46791,26,,,1,24,,46811,26,,,1,63,,46821,26,0,5,1,15,,46817,26,,,1,15,,46822,26,0,5,1,63,,46807,26,,,1,34,,46805,26,,,1,73,,46803,26,,,1,33,,46793,26,,,1,73,,46796,26,,,1,33,,46794,26,,,1,73,,46815,26,,,1,73,,46814,26,,,1,33,,46808,26,,,1,73,,46806,26,,,1,33,,46801,26,,,1,75,,46802,26,,,1,34,,46798,26,,,1,69,,46789,26,,,1,31,,46797,26,,,1,74,,46816,26,,,1,31,,46812,26,,,1,72,,46813,26,,,1,73,,46809,26,,,1,31,,46804,26,,,1,73,,46800,26,,,1
1803,'Weekday',408,,46827,26,0,5,1,98,,46931,26,,,1,9,,46826,26,,,1,11,,46876,26,,,1,10,,46869,26,,,1,10,,46866,26,,,1,10,,46868,26,,,1,46,,46929,26,,,1,8,,46867,26,,,1,6,,46875,26,,,1,7,,46930,26,,,1,7,,46879,26,,,1,10,,46878,26,,,1,10,,46888,26,,,1,50,,46885,26,,,1,11,,46886,26,,,1,10,,46883,26,,,1,10,,46871,26,,,1,10,,46880,26,,,1,10,,46882,26,,,1,50,,46877,26,,,1,12,,46873,26,,,1,10,,46872,26,,,1,10,,46926,26,0,5,1,8,,46874,26,,,1,10,,46887,26,,,1,49,,46884,26,,,1,10,,46881,26,,,1,9,,46870,26,,,1,12,,46829,26,,,1,12,,46831,26,,,1,57,,46832,26,,,1,17,,46833,26,,,1,15,,46834,26,,,1,19,,46835,26,,,1,56,,46836,26,,,1,17,,46837,26,,,1,14,,46838,26,,,1,13,,46858,26,0,5,1,52,,46840,26,,,1,14,,46839,26,,,1,17,,46841,26,,,1,17,,46842,26,,,1,58,,46843,26,,,1,20,,46844,26,,,1,17,,46845,26,,,1,57,,46846,26,,,1,17,,46847,26,,,1,14,,46892,26,,,1,12,,46889,26,,,1,12,,46893,26,,,1,52,,46894,26,,,1,12,,46895,26,,,1,12,,46896,26,,,1,12,,46897,26,,,1,54,,46898,26,,,1,12,,46927,26,0,5,1,8,,46899,26,,,1,11,,46900,26,,,1,12,,46901,26,,,1,10,,46902,26,,,1,49,,46928,26,0,5,1,8,,46903,26,,,1,10,,46905,26,,,1,12,,46906,26,,,1,11,,46907,26,,,1,12,,46904,26,,,1,51,,46908,26,,,1,10,,46909,26,,,1,10,,46910,26,,,1,10,,46911,26,,,1,12,,46912,26,,,1,52,,46913,26,,,1,11,,46914,26,,,1,10,,46915,26,,,1,12,,46916,26,,,1,12,,46917,26,,,1,12,,46918,26,,,1,51,,46919,26,,,1,11,,46920,26,,,1,12,,46921,26,,,1,11,,46922,26,,,1,13,,46923,26,,,1,52,,46924,26,,,1,11,,46925,26,,,1,10,,46848,26,,,1,18,,46851,26,,,1,60,,46856,26,,,1,20,,46850,26,,,1,20,,46861,26,,,1,12,,46865,26,,,1,52,,46860,26,,,1,19,,46830,26,,,1,18,,46857,26,,,1,59,,46853,26,,,1,20,,46852,26,,,1,21,,46859,26,,,1,59,,46855,26,,,1,20,,46864,26,,,1,22,,46862,26,,,1,58,,46849,26,,,1,20,,46863,26,,,1,20,,46854,26,,,1
1804,'Saturday',538,,46952,3,,,1,20,,46937,3,,,1,60,,46991,3,,,1,18,,46938,37,,,1,20,,46992,37,,,1,60,,46990,37,,,1,25,,46988,37,,,1,60,,46989,37,,,1,26,,46987,37,,,1,16,,46947,37,,,1,67,,46960,37,,,1,21,,46985,37,,,1,1,,46986,37,,,1,18,,46959,37,,,1,60,,46943,37,,,1,22,,46935,37,,,1,18,,46933,37,,,1,63,,46940,37,,,1,20,,46948,37,,,1,15,,46932,37,,,1,62,,46949,37,,,1,23,,46939,37,,,1,20,,46934,37,,,1,61,,46936,37,,,1,19,,46944,37,,,1,18,,46951,37,,,1,58,,46946,37,,,1,19,,46950,37,,,1,23,,46945,37,,,1,60,,46942,37,,,1,23,,46941,37,,,1,17,,46956,37,,,1,60,,46953,37,,,1,18,,46954,37,,,1,22,,46955,37,,,1,60,,46957,37,,,1,20,,46958,37,,,1,20,,46963,37,,,1,60,,46961,37,,,1,18,,46962,37,,,1,18,,46964,37,,,1,57,,46965,37,,,1,12,,46993,37,,,1,10,,46966,37,,,1,16,,46967,37,,,1,14,,46984,37,,,1,56,,46968,37,,,1,14,,46969,37,,,1,17,,46970,37,,,1,57,,46975,37,,,1,34,,46971,37,,,1,24,,46973,37,,,1,70,,46972,37,,,1,26,,46978,37,,,1,70,,46977,37,,,1,31,,46979,37,,,1,68,,46976,37,,,1
1804,'Sunday',713,,46995,37,,,1,37,,46997,37,,,1,75,,46999,37,,,1,25,,47001,37,,,1,63,,46998,37,,,1,20,,47027,37,0,5,1,19,,47026,37,,,1,58,,47002,37,,,1,18,,47000,37,,,1,28,,47004,37,,,1,67,,47005,37,,,1,25,,47029,37,,,1,65,,47006,37,,,1,29,,47003,37,,,1,73,,47007,37,,,1,33,,47008,37,,,1,73,,47011,37,,,1,33,,47013,37,,,1,73,,47010,37,,,1,73,,47014,37,,,1,33,,47012,37,,,1,73,,47015,37,,,1,33,,47009,37,,,1,73,,47018,37,,,1,21,,47019,37,,,1,21,,47020,37,,,1,64,,47030,37,0,5,1,23,,47016,37,,,1,62,,47028,37,0,5,1,29,,47017,37,,,1,25,,47021,37,,,1,72,,47022,37,,,1,73,,47023,37,,,1,33,,47024,37,,,1,73,,47025,37,,,1
1804,'Weekday',415,,47031,3,,,1,10,,47032,3,,,1,10,,47033,3,,,1,9,,47034,37,,,1,6,,47036,37,,,1,6,,47037,37,,,1,45,,47035,37,,,1,5,,47137,37,,,1,7,,47093,37,,,1,6,,47139,37,,,1,9,,47094,37,,,1,11,,47095,37,,,1,9,,47096,37,,,1,8,,47097,37,,,1,50,,47098,37,,,1,11,,47099,37,,,1,11,,47100,37,,,1,9,,47101,37,,,1,10,,47102,37,,,1,10,,47103,37,,,1,50,,47104,37,,,1,10,,47079,37,,,1,9,,47078,37,,,1,11,,47090,37,,,1,12,,47088,37,,,1,52,,47092,37,,,1,9,,47091,37,,,1,12,,47087,37,,,1,10,,47085,37,,,1,9,,47086,37,,,1,10,,47084,37,,,1,50,,47082,37,,,1,9,,47081,37,,,1,9,,47080,37,,,1,10,,47089,37,,,1,12,,47083,37,,,1,11,,47039,37,,,1,53,,47069,37,0,5,1,11,,47040,37,,,1,14,,47041,37,,,1,15,,47042,37,,,1,55,,47043,37,,,1,16,,47044,37,,,1,16,,47045,37,,,1,18,,47047,37,,,1,58,,47048,37,,,1,18,,47046,37,,,1,17,,47050,37,,,1,16,,47049,37,,,1,54,,47051,37,,,1,19,,47052,37,,,1,17,,47053,37,,,1,57,,47054,37,,,1,20,,47055,37,,,1,12,,47106,37,,,1,13,,47107,37,,,1,52,,47105,37,,,1,12,,47108,37,,,1,11,,47109,37,,,1,10,,47110,37,,,1,12,,47111,37,,,1,52,,47112,37,,,1,12,,47113,37,,,1,12,,47114,37,,,1,13,,47115,37,,,1,12,,47116,37,,,1,52,,47117,37,,,1,12,,47118,37,,,1,12,,47120,37,,,1,11,,47121,37,,,1,12,,47122,37,,,1,52,,47119,37,,,1,8,,47123,37,,,1,7,,47138,37,,,1,10,,47124,37,,,1,10,,47125,37,,,1,13,,47126,37,,,1,52,,47127,37,,,1,9,,47128,37,,,1,11,,47129,37,,,1,13,,47130,37,,,1,12,,47131,37,,,1,12,,47132,37,,,1,52,,47133,37,,,1,13,,47134,37,,,1,12,,47135,37,,,1,10,,47136,37,,,1,14,,47077,37,,,1,53,,47057,37,,,1,13,,47058,37,,,1,16,,47056,37,,,1,15,,47064,37,,,1,54,,47070,37,,,1,20,,47065,37,,,1,17,,47066,37,,,1,54,,47073,37,,,1,14,,47072,37,,,1,15,,47075,37,,,1,20,,47068,37,,,1,54,,47061,37,,,1,12,,47062,37,,,1,14,,47074,37,,,1,16,,47076,37,,,1,11,,47060,37,,,1,53,,47071,37,,,1,19,,47063,37,,,1,20,,47059,37,,,1,60,,47038,37,,,1,20,,47067,37,,,1
