101,'Saturday',557,,42291,21,,,1,61,,42290,21,,,1,18,,42293,21,,,1,18,,42289,47,,,1,61,,42300,47,,,1,20,,42299,47,,,1,20,,42301,47,,,1,63,,42302,47,,,1,21,,42303,47,,,1,20,,42304,47,,,1,60,,42305,47,,,1,20,,42306,47,,,1,20,,42307,47,,,1,60,,42308,47,,,1,19,,42309,47,,,1,62,,42310,47,,,1,20,,42311,47,,,1,20,,42312,47,,,1,60,,42313,47,,,1,20,,42314,47,,,1,19,,42315,47,,,1,20,,42316,47,,,1,59,,42317,47,,,1,25,,42318,47,,,1,61,,42320,47,,,1,22,,42321,47,,,1,21,,42322,47,,,1,63,,42319,47,,,1,20,,42323,47,,,1,20,,42324,47,,,1,60,,42325,47,,,1,20,,42326,47,,,1,20,,42327,47,,,1,61,,42328,47,,,1,19,,42329,47,,,1,19,,42330,47,,,1,61,,42331,47,,,1,19,,42332,47,,,1,18,,42333,47,,,1,60,,42334,47,,,1,19,,42298,47,,,1,17,,42297,47,,,1,68,,42337,47,,,1,30,,42338,47,,,1,71,,42339,47,,,1,29,,42341,47,,,1,73,,42342,47,,,1,30,,42343,47,,,1,65,,42340,47,,,1,29,,42344,47,,,1,69,,42335,47,,,1,29,,42336,47,,,1,72,,42294,47,,,1,42,,42296,47,,,1
101,'Sunday',604,,42348,47,,,1,130,,42345,47,,,1,20,,42357,47,,,1,61,,42358,47,,,1,20,,42359,47,,,1,20,,42360,47,,,1,60,,42362,47,,,1,20,,42363,47,,,1,20,,42364,47,,,1,60,,42361,47,,,1,20,,42366,47,,,1,20,,42367,47,,,1,60,,42365,47,,,1,21,,42370,47,,,1,20,,42371,47,,,1,60,,42369,47,,,1,20,,42368,47,,,1,20,,42372,47,,,1,60,,42373,47,,,1,21,,42374,47,,,1,20,,42375,47,,,1,61,,42377,47,,,1,20,,42378,47,,,1,20,,42379,47,,,1,60,,42376,47,,,1,20,,42380,47,,,1,20,,42384,47,,,1,60,,42385,47,,,1,20,,42381,47,,,1,21,,42382,47,,,1,60,,42386,47,,,1,20,,42383,47,,,1,20,,42387,47,,,1,59,,42388,47,,,1,18,,42389,47,,,1,20,,42390,47,,,1,60,,42391,47,,,1,20,,42393,47,,,1,20,,42394,47,,,1,59,,42395,47,,,1,20,,42392,47,,,1,19,,42396,47,,,1,60,,42397,47,,,1,25,,42398,47,,,1,20,,42399,47,,,1,60,,42400,47,,,1,20,,42355,47,,,1,19,,42352,47,,,1,60,,42353,47,,,1,19,,42349,47,,,1,15,,42354,47,,,1,60,,42356,47,,,1,23,,42351,47,,,1
101,'Weekday',406,,42410,21,,,1,22,,42408,21,,,1,20,,42405,21,,,1,58,,42404,21,,,1,30,,42403,47,,,1,19,,42407,47,,,1,65,,42406,47,,,1,10,,42402,42,0,5,1,13,,42418,47,,,1,9,,42421,42,0,5,1,53,,42419,47,,,1,15,,42422,42,0,5,1,11,,42420,47,,,1,15,,42423,42,0,5,1,12,,42413,47,,,1,58,,42416,47,,,1,15,,42424,42,0,5,1,12,,42412,47,,,1,13,,42425,42,0,5,1,53,,42417,47,,,1,13,,42426,42,0,5,1,12,,42414,47,,,1,14,,42415,42,0,5,1,56,,42438,42,0,5,1,16,,42427,47,,,1,10,,42439,42,0,5,1,19,,42428,47,,,1,62,,42441,42,0,5,1,19,,42429,47,,,1,13,,42442,42,0,5,1,14,,42430,47,,,1,52,,42440,42,0,5,1,13,,42431,47,,,1,21,,42444,42,0,5,1,9,,42432,47,,,1,67,,42445,42,0,5,1,20,,42433,51,0,7,1,13,,42443,42,0,5,1,48,,42434,47,,,1,28,,42447,42,0,5,1,14,,42435,47,,,1,12,,42448,46,0,5 7,1,55,,42436,47,,,1,16,,42449,42,0,5,1,14,,42437,51,0,7,1,20,,42446,47,,,1,55,,42465,42,0,5,1,11,,42450,47,,,1,15,,42466,42,0,5,1,19,,42467,42,0,5,1,49,,42451,47,,,1,16,,42468,42,0,5,1,17,,42452,47,,,1,12,,42469,42,0,5,1,52,,42453,47,,,1,14,,42470,42,0,5,1,11,,42454,47,,,1,19,,42455,47,,,1,10,,42471,42,0,5,1,50,,42456,47,,,1,9,,42472,42,0,5,1,12,,42457,47,,,1,8,,42473,42,0,5,1,9,,42458,47,,,1,58,,42459,47,,,1,24,,42460,47,,,1,21,,42461,47,,,1,65,,42462,47,,,1,20,,42463,47,,,1,22,,42464,47,,,1,63,,42474,47,,,1,37,,42476,47,,,1,67,,42475,47,,,1,82,,42479,47,,,1,33,,42480,47,,,1,73,,42477,47,,,1,32,,42478,47,,,1
1003,'Weekday',609,,44975,24,,,1,32,,44970,24,,,1,62,,44980,24,,,1,32,,44972,24,,,1,23,,44967,24,,,1,55,,44973,24,,,1,31,,44969,24,,,1,67,,44978,24,,,1,24,,44971,24,,,1,24,,44968,24,,,1,62,,44974,24,,,1,86,,44983,24,,,1,96,,44977,24,,,1,55,,44982,24,,,1,94,,44976,24,,,1,87,,44981,24,,,1,70,,44979,24,,,1,28,,44985,24,,,1,18,,44984,24,,,1,64,,44986,24,,,1,27,,44987,24,,,1,70,,44988,24,,,1,29,,44989,24,,,1,57,,44990,24,,,1,29,,44991,24,,,1,22,,44992,24,,,1,66,,44993,24,,,1,23,,44994,24,,,1
1303,'Saturday',833,,45572,21,,,1,100,,45573,21,,,1,101,,45574,21,,,1,100,,45575,21,,,1,101,,45578,21,,,1,100,,45579,21,,,1,100,,45580,21,,,1,100,,45577,21,,,1,100,,45581,21,,,1,99,,45582,21,,,1,100,,45576,21,,,1,100,,45571,21,,,1
1303,'Weekday',503,,45585,21,,,1,42,,45586,21,,,1,82,,45587,21,,,1,88,,45583,21,,,1,88,,45584,21,,,1,47,,45588,21,,,1,84,,45589,21,,,1,83,,45590,21,,,1,83,,45591,21,,,1,47,,45592,21,,,1,85,,45593,21,,,1,82,,45594,21,,,1,44,,45595,21,,,1,85,,45598,21,,,1,92,,45599,21,,,1,85,,45597,21,,,1,89,,45596,21,,,1,43,,45600,21,,,1,86,,45601,21,,,1,78,,45602,21,,,1
1603,'Saturday',635,,46463,24,,,1,80,,46464,24,,,1,40,,46462,24,,,1,80,,46465,24,,,1,80,,46467,24,,,1,40,,46466,24,,,1,80,,46468,24,,,1,82,,46469,24,,,1,40,,46470,24,,,1,79,,46471,24,,,1,80,,46472,24,,,1,40,,46473,24,,,1,80,,46474,24,,,1,81,,46475,24,,,1,40,,46476,24,,,1,79,,46477,24,,,1,80,,46479,24,,,1,40,,46480,24,,,1,80,,46478,24,,,1,79,,46481,24,,,1,40,,46482,24,,,1,80,,46483,24,,,1,80,,46485,24,,,1,40,,46484,24,,,1,80,,46486,24,,,1,79,,46487,24,,,1,40,,46489,24,,,1,80,,46488,24,,,1
1603,'Sunday',850,,46494,24,,,1,81,,46495,24,,,1,81,,46490,24,,,1,40,,46492,24,,,1,79,,46496,24,,,1,80,,46491,24,,,1,40,,46493,24,,,1,80,,46497,24,,,1,81,,46499,24,,,1,40,,46498,24,,,1,81,,46500,24,,,1,78,,46501,24,,,1,40,,46502,24,,,1,80,,46503,24,,,1,80,,46504,24,,,1,39,,46505,24,,,1,80,,46507,24,,,1,80,,46506,24,,,1,40,,46508,24,,,1,80,,46509,24,,,1,79,,46510,24,,,1,40,,46511,24,,,1
1603,'Weekday',601,,46512,24,,,1,45,,46516,24,,,1,72,,46517,24,,,1,30,,46518,24,,,1,77,,46515,24,,,1,34,,46519,24,,,1,73,,46520,24,,,1,71,,46513,24,,,1,33,,46514,24,,,1,86,,46537,24,,,1,85,,46538,24,,,1,47,,46539,24,,,1,87,,46540,24,,,1,88,,46541,24,,,1,88,,46542,24,,,1,23,,46523,24,,,1,67,,46521,24,,,1,33,,46524,24,,,1,75,,46525,24,,,1,31,,46526,24,,,1,69,,46527,24,,,1,31,,46528,24,,,1,66,,46529,24,,,1,24,,46530,24,,,1,70,,46531,24,,,1,45,,46532,24,,,1,83,,46533,24,,,1,87,,46534,24,,,1,85,,46535,24,,,1,45,,46536,24,,,1,85,,46522,24,,,1
1803,'Saturday',404,,46777,21,0,5,1,232,,46754,21,,,1,20,,46733,21,,,1,60,,46780,21,,,1,20,,46730,21,,,1,21,,46781,21,,,1,63,,46757,21,,,1,22,,46756,21,,,1,63,,46739,21,,,1,20,,46732,21,,,1,20,,46734,21,,,1,60,,46743,21,,,1,20,,46726,21,,,1,18,,46752,21,,,1,59,,46737,21,,,1,24,,46728,21,,,1,23,,46729,21,,,1,62,,46735,21,,,1,2,,46785,21,0,5,1,17,,46744,21,,,1,12,,46784,21,0,5,1,8,,46727,21,,,1,59,,46746,21,,,1,21,,46738,21,,,1,20,,46731,21,,,1,62,,46741,21,,,1,20,,46740,21,,,1,18,,46753,21,,,1,57,,46736,21,,,1,23,,46751,21,,,1,20,,46748,21,,,1,60,,46755,21,,,1,25,,46747,21,,,1,15,,46745,21,,,1,62,,46750,21,,,1,20,,46749,21,,,1,19,,46763,21,,,1,60,,46758,21,,,1,21,,46759,21,,,1,20,,46761,21,,,1,58,,46760,21,,,1,17,,46762,21,,,1,19,,46764,21,,,1,63,,46766,21,,,1,20,,46769,21,,,1,20,,46767,21,,,1,60,,46778,21,,,1,16,,46765,21,,,1,17,,46768,21,,,1,17,,46770,21,,,1,64,,46779,21,,,1,24,,46771,21,,,1,73,,46772,21,,,1,23,,46773,21,,,1,65,,46775,21,,,1,35,,46774,21,,,1,65,,46776,21,,,1
1803,'Sunday',407,,46820,21,0,5,1,402,,46787,21,,,1,33,,46790,21,,,1,73,,46799,21,,,1,33,,46792,21,,,1,69,,46795,21,,,1,27,,46818,21,,,1,61,,46810,21,,,1,23,,46791,21,,,1,24,,46811,21,,,1,63,,46821,21,0,5,1,15,,46817,21,,,1,15,,46822,21,0,5,1,63,,46807,21,,,1,34,,46805,21,,,1,73,,46803,21,,,1,33,,46793,21,,,1,73,,46796,21,,,1,33,,46794,21,,,1,73,,46815,21,,,1,73,,46814,21,,,1,33,,46808,21,,,1,73,,46806,21,,,1,33,,46801,21,,,1,75,,46802,21,,,1,34,,46798,21,,,1,70,,46789,21,,,1,31,,46797,21,,,1,74,,46816,21,,,1,31,,46812,21,,,1,72,,46813,21,,,1,33,,46809,21,,,1,71,,46804,21,,,1,73,,46800,21,,,1
1803,'Weekday',404,,46827,21,0,5,1,98,,46931,21,,,1,9,,46826,21,,,1,11,,46876,21,,,1,10,,46869,21,,,1,10,,46866,21,,,1,10,,46868,21,,,1,6,,46929,21,,,1,47,,46867,21,,,1,6,,46875,21,,,1,7,,46930,21,,,1,7,,46879,21,,,1,10,,46878,21,,,1,10,,46888,21,,,1,10,,46885,21,,,1,51,,46886,21,,,1,10,,46883,21,,,1,10,,46871,21,,,1,10,,46880,21,,,1,10,,46882,21,,,1,10,,46877,21,,,1,52,,46873,21,,,1,10,,46872,21,,,1,10,,46926,21,0,5,1,8,,46874,21,,,1,10,,46887,21,,,1,9,,46884,21,,,1,50,,46881,21,,,1,9,,46870,21,,,1,12,,46829,21,,,1,12,,46831,21,,,1,17,,46832,21,,,1,57,,46833,21,,,1,15,,46834,21,,,1,19,,46835,21,,,1,56,,46836,21,,,1,17,,46837,21,,,1,14,,46838,21,,,1,13,,46858,21,0,5,1,12,,46840,21,,,1,54,,46839,21,,,1,17,,46841,21,,,1,17,,46842,21,,,1,58,,46843,21,,,1,20,,46844,21,,,1,17,,46845,21,,,1,17,,46846,21,,,1,57,,46847,21,,,1,14,,46892,21,,,1,12,,46889,21,,,1,12,,46893,21,,,1,52,,46894,21,,,1,12,,46895,21,,,1,12,,46896,21,,,1,12,,46897,21,,,1,13,,46898,21,,,1,52,,46927,21,0,5,1,7,,46899,21,,,1,11,,46900,21,,,1,12,,46901,21,,,1,10,,46902,21,,,1,9,,46928,21,0,5,1,48,,46903,21,,,1,10,,46905,21,,,1,12,,46906,21,,,1,11,,46907,21,,,1,13,,46904,21,,,1,51,,46908,21,,,1,10,,46909,21,,,1,11,,46910,21,,,1,10,,46911,21,,,1,12,,46912,21,,,1,12,,46913,21,,,1,51,,46914,21,,,1,10,,46915,21,,,1,12,,46916,21,,,1,12,,46917,21,,,1,12,,46918,21,,,1,51,,46919,21,,,1,11,,46920,21,,,1,12,,46921,21,,,1,11,,46922,21,,,1,13,,46923,21,,,1,52,,46924,21,,,1,11,,46925,21,,,1,10,,46848,21,,,1,18,,46851,21,,,1,60,,46856,21,,,1,20,,46850,21,,,1,20,,46861,21,,,1,12,,46865,21,,,1,52,,46860,21,,,1,19,,46830,21,,,1,18,,46857,21,,,1,59,,46853,21,,,1,20,,46852,21,,,1,21,,46859,21,,,1,59,,46855,21,,,1,20,,46864,21,,,1,22,,46862,21,,,1,58,,46849,21,,,1,20,,46863,21,,,1,20,,46854,21,,,1
1804,'Saturday',632,,46938,32,,,1,20,,46992,32,,,1,60,,46990,32,,,1,25,,46988,32,,,1,20,,46989,32,,,1,66,,46987,32,,,1,16,,46947,32,,,1,67,,46960,32,,,1,21,,46985,32,,,1,1,,46986,32,,,1,18,,46959,32,,,1,60,,46943,32,,,1,22,,46935,32,,,1,18,,46933,32,,,1,62,,46940,32,,,1,20,,46948,32,,,1,15,,46932,32,,,1,62,,46949,32,,,1,23,,46939,32,,,1,20,,46934,32,,,1,61,,46936,32,,,1,19,,46944,32,,,1,18,,46951,32,,,1,58,,46946,32,,,1,19,,46950,32,,,1,23,,46945,32,,,1,60,,46942,32,,,1,23,,46941,32,,,1,17,,46956,32,,,1,60,,46953,32,,,1,18,,46954,32,,,1,22,,46955,32,,,1,60,,46957,32,,,1,20,,46958,32,,,1,20,,46963,32,,,1,60,,46961,32,,,1,18,,46962,32,,,1,18,,46964,32,,,1,17,,46965,32,,,1,53,,46993,32,,,1,10,,46966,32,,,1,16,,46967,32,,,1,14,,46984,32,,,1,56,,46968,32,,,1,14,,46969,32,,,1,17,,46970,32,,,1,17,,46975,32,,,1,59,,46974,32,,,1,15,,46971,32,,,1,24,,46973,32,,,1,70,,46972,32,,,1,26,,46978,32,,,1,70,,46977,32,,,1,31,,46979,32,,,1,68,,46976,32,,,1,17,,46981,32,,,1,66,,46980,32,,,1,36,,46983,32,,,1,64,,46982,32,,,1
1804,'Sunday',709,,46995,32,,,1,37,,46997,32,,,1,75,,46999,32,,,1,25,,47001,32,,,1,62,,46998,32,,,1,20,,47027,32,0,5,1,19,,47026,32,,,1,58,,47002,32,,,1,18,,47000,32,,,1,28,,47004,32,,,1,67,,47005,32,,,1,25,,47029,32,,,1,65,,47006,32,,,1,29,,47003,32,,,1,73,,47007,32,,,1,33,,47008,32,,,1,73,,47011,32,,,1,33,,47013,32,,,1,73,,47010,32,,,1,33,,47014,32,,,1,73,,47012,32,,,1,73,,47015,32,,,1,33,,47009,32,,,1,73,,47018,32,,,1,21,,47019,32,,,1,21,,47020,32,,,1,64,,47030,32,0,5,1,23,,47016,32,,,1,22,,47028,32,0,5,1,69,,47017,32,,,1,25,,47021,32,,,1,72,,47022,32,,,1,33,,47023,32,,,1,73,,47024,32,,,1,74,,47025,32,,,1,31,,46996,32,,,1,73,,46994,32,,,1
1804,'Weekday',439,,47034,32,,,1,6,,47036,32,,,1,6,,47037,32,,,1,5,,47035,32,,,1,45,,47137,32,,,1,7,,47093,32,,,1,6,,47139,32,,,1,9,,47094,32,,,1,11,,47095,32,,,1,9,,47096,32,,,1,8,,47097,32,,,1,50,,47098,32,,,1,11,,47099,32,,,1,11,,47100,32,,,1,9,,47101,32,,,1,10,,47102,32,,,1,10,,47103,32,,,1,50,,47104,32,,,1,9,,47079,32,,,1,9,,47078,32,,,1,11,,47090,32,,,1,12,,47088,32,,,1,12,,47092,32,,,1,49,,47091,32,,,1,12,,47087,32,,,1,10,,47085,32,,,1,9,,47086,32,,,1,10,,47084,32,,,1,10,,47082,32,,,1,49,,47081,32,,,1,10,,47080,32,,,1,10,,47089,32,,,1,12,,47083,32,,,1,11,,47039,32,,,1,53,,47069,32,0,5,1,11,,47040,32,,,1,14,,47041,32,,,1,15,,47042,32,,,1,15,,47043,32,,,1,56,,47044,32,,,1,16,,47045,32,,,1,18,,47047,32,,,1,58,,47048,32,,,1,18,,47046,32,,,1,17,,47050,32,,,1,16,,47049,32,,,1,54,,47051,32,,,1,19,,47052,32,,,1,17,,47053,32,,,1,57,,47054,32,,,1,19,,47055,32,,,1,12,,47106,32,,,1,13,,47107,32,,,1,12,,47105,32,,,1,52,,47108,32,,,1,11,,47109,32,,,1,10,,47110,32,,,1,12,,47111,32,,,1,12,,47112,32,,,1,52,,47113,32,,,1,12,,47114,32,,,1,13,,47115,32,,,1,12,,47116,32,,,1,12,,47117,32,,,1,52,,47118,32,,,1,12,,47120,32,,,1,11,,47121,32,,,1,12,,47122,32,,,1,12,,47119,32,,,1,48,,47123,32,,,1,8,,47138,32,,,1,10,,47124,32,,,1,10,,47125,32,,,1,13,,47126,32,,,1,12,,47127,32,,,1,49,,47128,32,,,1,11,,47129,32,,,1,13,,47130,32,,,1,12,,47131,32,,,1,12,,47132,32,,,1,52,,47133,32,,,1,13,,47134,32,,,1,12,,47135,32,,,1,10,,47136,32,,,1,14,,47077,32,,,1,53,,47057,32,,,1,13,,47058,32,,,1,16,,47056,32,,,1,15,,47064,32,,,1,54,,47070,32,,,1,20,,47065,32,,,1,17,,47066,32,,,1,14,,47073,32,,,1,54,,47072,32,,,1,15,,47075,32,,,1,20,,47068,32,,,1,14,,47061,32,,,1,52,,47062,32,,,1,14,,47074,32,,,1,16,,47076,32,,,1,11,,47060,32,,,1,53,,47071,32,,,1,19,,47063,32,,,1,20,,47059,32,,,1,60,,47038,32,,,1,20,,47067,32,,,1
