303,'Saturday',546,,42935,38,4,,1,85,,42936,38,4,,1,25,,42939,38,4,,1,66,,42940,38,4,,1,30,,42934,39,4,,1,60,,42941,38,4,,1,32,,42961,39,4,,1,59,,42942,38,4,,1,31,,42962,39,4,,1,19,,42943,38,4,,1,72,,42963,39,4,,1,20,,42944,38,4,,1,66,,42964,39,4,,1,20,,42945,38,4,,1,72,,42965,39,4,,1,21,,42946,38,4,,1,30,,42967,39,4,,1,59,,42947,38,4,,1,31,,42968,39,4,,1,59,,42948,38,4,,1,31,,42970,39,4,,1,19,,42949,38,4,,1,71,,42966,39,4,,1,20,,42951,38,4,,1,71,,42971,39,4,,1,20,,42953,38,4,,1,71,,42972,39,4,,1,18,,42955,38,4,,1,31,,42969,39,4,,1,59,,42950,38,4,,1,31,,42973,39,4,,1,59,,42956,38,4,,1,29,,42974,39,4,,1,19,,42952,38,4,,1,63,,42975,38,4,,1,22,,42954,38,4,,1,65,,42976,38,4,,1,24,,42958,38,4,,1,25,,42977,38,4,,1,65,,42959,38,4,,1,25,,42978,38,4,,1,65,,42957,38,4,,1,24,,42938,38,4,,1,25,,42960,38,4,,1,65,,42937,38,4,,1
303,'Sunday',707,,42984,38,4,,1,30,,42979,39,4,,1,20,,42980,38,4,,1,71,,42983,39,4,,1,21,,42999,38,4,,1,65,,42986,39,4,,1,20,,43000,38,4,,1,70,,42987,39,4,,1,24,,43001,38,4,,1,25,,42985,39,4,,1,65,,43003,38,4,,1,25,,42988,39,4,,1,65,,43005,38,4,,1,24,,42989,39,4,,1,25,,43002,38,4,,1,65,,42990,39,4,,1,20,,43006,38,4,,1,70,,42991,39,4,,1,20,,43004,38,4,,1,70,,42992,39,4,,1,21,,43008,38,4,,1,26,,42993,39,4,,1,67,,43009,38,4,,1,26,,42995,39,4,,1,65,,43010,38,4,,1,25,,42996,39,4,,1,25,,43007,38,4,,1,64,,42997,39,4,,1,25,,43011,38,4,,1,64,,42994,39,4,,1,24,,43012,38,4,,1,25,,42998,39,4,,1,63,,42982,38,4,,1,25,,43014,38,4,,1,70,,43015,38,4,,1,24,,43016,38,4,,1,65,,43017,38,4,,1,25,,43013,38,4,,1,25,,43018,38,4,,1,64,,43019,38,4,,1,25,,43020,38,4,,1,65,,42981,38,4,,1
303,'Weekday',546,,43021,38,4,,1,55,,43025,38,4,,1,16,,43022,38,4,,1,15,,43026,38,4,,1,15,,43027,38,4,,1,55,,43023,38,4,,1,16,,43024,38,4,,1,16,,43028,38,4,,1,15,,43029,39,4,,1,54,,43033,38,4,,1,13,,43041,39,4,,1,17,,43038,39,4,,1,14,,43036,38,4,,1,54,,43040,39,4,,1,10,,43037,38,4,,1,16,,43039,39,4,,1,14,,43030,39,4,,1,15,,43034,38,4,,1,56,,43031,39,4,,1,18,,43035,38,4,,1,14,,43032,39,4,,1,57,,43083,38,4,,1,16,,43081,39,4,,1,14,,43085,38,4,,1,17,,43080,39,4,,1,55,,43088,38,4,,1,22,,43086,38,4,,1,16,,43087,39,4,,1,18,,43079,38,4,,1,53,,43082,39,4,,1,15,,43084,38,4,,1,15,,43072,39,4,,1,14,,43076,38,4,,1,55,,43071,39,4,,1,16,,43075,38,4,,1,15,,43069,39,4,,1,14,,43074,38,4,,1,55,,43070,39,4,,1,16,,43073,38,4,,1,18,,43078,39,4,,1,14,,43068,38,4,,1,51,,43090,38,4,,1,14,,43077,39,4,,1,15,,43044,38,4,,1,15,,43052,39,4,,1,57,,43042,38,4,,1,17,,43053,39,4,,1,12,,43043,38,4,,1,18,,43050,39,4,,1,51,,43045,38,4,,1,19,,43054,39,4,,1,12,,43046,38,4,,1,17,,43056,39,4,,1,52,,43047,38,4,,1,15,,43089,38,4,,1,14,,43057,39,4,,1,15,,43048,38,4,,1,54,,43055,39,4,,1,14,,43049,38,4,,1,17,,43058,39,4,,1,20,,43051,38,4,,1,65,,43060,39,4,,1,23,,43059,38,4,,1,70,,43064,38,4,,1,24,,43061,38,4,,1,68,,43062,38,4,,1,30,,43063,38,4,,1,70,,43065,38,4,,1,30,,43067,38,4,,1,70,,43066,38,4,,1
304,'Saturday',600,,43092,1,,,1,25,,43094,1,,,1,25,,43095,1,,,1,65,,43096,1,,,1,25,,43097,1,,,1,60,,43091,1,0,5 7,1,25,,43098,1,,,1,25,,43117,1,0,5 7,1,65,,43099,1,,,1,25,,43118,1,0,5 7,1,65,,43100,1,,,1,25,,43119,1,0,5 7,1,25,,43101,1,,,1,65,,43120,1,0,5 7,1,25,,43102,1,,,1,65,,43122,1,0,5 7,1,25,,43103,1,,,1,65,,43123,1,0,5 7,1,25,,43105,1,,,1,25,,43121,1,0,5 7,1,65,,43107,1,,,1,25,,43125,1,0,5 7,1,65,,43109,1,,,1,25,,43126,1,0,5 7,1,25,,43104,1,,,1,65,,43127,1,0,5 7,1,25,,43110,1,,,1,65,,43124,1,0,5 7,1,25,,43106,1,,,1,65,,43128,1,0,5 7,1,25,,43108,1,,,1,25,,43129,1,0,5 7,1,65,,43112,1,,,1,25,,43130,1,,,1,64,,43113,1,,,1,23,,43131,1,,,1,21,,43111,1,,,1,59,,43132,1,,,1,24,,43114,1,,,1,25,,43133,1,,,1,65,,43115,1,,,1,25,,43134,1,,,1,65,,43116,1,,,1,25,,43093,1,,,1
304,'Sunday',710,,43159,1,0,5 7,1,30,,43135,1,,,1,65,,43136,1,0,5 7,1,30,,43160,1,,,1,65,,43145,1,0,5 7,1,25,,43162,1,,,1,25,,43141,1,0,5 7,1,65,,43163,1,,,1,25,,43148,1,0,5 7,1,65,,43164,1,,,1,25,,43150,1,0,5 7,1,25,,43161,1,,,1,65,,43140,1,0,5 7,1,25,,43165,1,,,1,60,,43143,1,0,5 7,1,30,,43166,1,,,1,20,,43153,1,0,5 7,1,65,,43167,1,,,1,25,,43146,1,0,5 7,1,65,,43168,1,,,1,25,,43142,1,0,5 7,1,65,,43138,1,,,1,25,,43137,1,0,5 7,1,25,,43149,1,,,1,65,,43154,1,0,5 7,1,23,,43139,1,,,1,67,,43155,1,0,5 7,1,23,,43151,1,,,1,27,,43157,1,0,5 7,1,65,,43144,1,,,1,25,,43147,1,0,5 7,1,65,,43170,1,,,1,25,,43171,1,,,1,65,,43172,1,,,1,25,,43169,1,,,1,25,,43173,1,,,1,65,,43174,1,,,1,25,,43175,1,,,1,65,,43158,1,,,1,25,,43152,1,,,1,25,,43156,1,,,1
304,'Weekday',403,,43245,1,,,1,20,,43247,1,,,1,17,,43225,1,,,1,15,,43177,1,,,1,55,,43178,1,,,1,15,,43176,1,,,1,15,,43246,1,,,1,15,,43180,1,,,1,55,,43181,1,,,1,15,,43179,1,,,1,14,,43183,1,,,1,12,,43182,1,,,1,59,,43184,1,,,1,15,,43185,1,0,5 7,1,14,,43188,1,0,5 7,1,16,,43191,1,,,1,52,,43189,1,0,5 7,1,16,,43186,1,,,1,16,,43193,1,0,5 7,1,12,,43192,1,,,1,63,,43190,1,0,5 7,1,16,,43187,1,,,1,15,,43194,1,0,5 7,1,55,,43242,1,,,1,15,,43238,1,0,5 7,1,19,,43236,1,,,1,13,,43243,1,0,5 7,1,57,,43233,1,,,1,16,,43237,1,0,5 7,1,15,,43234,1,,,1,15,,43239,1,0,5 7,1,56,,43232,1,,,1,14,,43235,1,0,5 7,1,13,,43244,1,,,1,13,,43241,1,0,5 7,1,58,,43240,1,,,1,11,,43197,1,0,5 7,1,15,,43229,1,,,1,14,,43228,1,0,5 7,1,56,,43195,1,,,1,15,,43227,1,0,5 7,1,15,,43230,1,,,1,15,,43226,1,0,5 7,1,55,,43196,1,,,1,14,,43231,1,0,5 7,1,16,,43207,1,,,1,17,,43200,1,0,5 7,1,54,,43208,1,,,1,14,,43201,1,0,5 7,1,15,,43209,1,,,1,15,,43198,1,0,5 7,1,55,,43211,1,,,1,15,,43199,1,0,5 7,1,15,,43212,1,,,1,15,,43213,1,,,1,55,,43202,1,0,5 7,1,15,,43210,1,,,1,15,,43203,1,0,5 7,1,15,,43214,1,,,1,55,,43204,1,0,5 7,1,15,,43216,1,,,1,15,,43205,1,0,5 7,1,13,,43217,1,,,1,57,,43206,1,0,5 7,1,30,,43218,1,,,1,71,,43219,1,0,5 7,1,29,,43215,1,,,1,70,,43222,1,,,1,30,,43223,1,,,1,70,,43220,1,,,1,30,,43221,1,,,1,70,,43224,1,,,1
8103,'Saturday',600,,50812,1,,,1,45,,50811,1,,,1,85,,50810,1,,,1,85,,50813,1,,,1,85,,50814,1,,,1,45,,50815,1,,,1,85,,50816,1,,,1,85,,50817,1,,,1,85,,50818,1,,,1,45,,50819,1,,,1,85,,50821,1,,,1,85,,50822,1,,,1,85,,50823,1,,,1,45,,50820,1,,,1,85,,50824,1,,,1,85,,50825,1,,,1,85,,50826,1,,,1,45,,50827,1,,,1
8103,'Sunday',600,,50829,1,,,1,45,,50831,1,,,1,85,,50828,1,,,1,85,,50832,1,,,1,85,,50830,1,,,1,45,,50834,1,,,1,85,,50835,1,,,1,85,,50836,1,,,1,85,,50833,1,,,1,45,,50837,1,,,1,85,,50838,1,,,1,85,,50839,1,,,1,85,,50840,1,,,1,45,,50841,1,,,1,85,,50843,1,,,1,85,,50844,1,,,1,85,,50845,1,,,1,45,,50842,1,,,1
8103,'Weekday',600,,50846,1,,,1,45,,50847,1,,,1,85,,50848,1,,,1,85,,50851,1,,,1,85,,50860,1,,,1,45,,50861,1,,,1,85,,50862,1,,,1,85,,50863,1,,,1,85,,50864,1,,,1,45,,50865,1,,,1,85,,50859,1,,,1,85,,50858,1,,,1,85,,50850,1,,,1,45,,50849,1,,,1,85,,50854,1,,,1,85,,50855,1,,,1,85,,50852,1,,,1,45,,50853,1,,,1,85,,50856,1,,,1,85,,50857,1,,,1
8104,'Saturday',629,,50866,12,4,,1,85,,50867,12,4,,1,45,,50868,12,4,,1,87,,50869,12,4,,1,85,,50870,12,4,,1,85,,50871,12,4,,1,85,,50872,12,4,,1,45,,50873,12,4,,1,85,,50874,12,4,,1,85,,50875,12,4,,1,85,,50876,12,4,,1,45,,50878,12,4,,1,84,,50880,12,4,,1,85,,50881,12,4,,1,85,,50877,12,4,,1,45,,50882,12,4,,1,85,,50879,12,4,,1,85,,50883,12,4,,1
8104,'Sunday',629,,50884,12,4,,1,85,,50885,12,4,,1,45,,50886,12,4,,1,87,,50888,12,4,,1,85,,50889,12,4,,1,85,,50890,12,4,,1,85,,50887,12,4,,1,45,,50891,12,4,,1,85,,50892,12,4,,1,85,,50893,12,4,,1,85,,50894,12,4,,1,45,,50895,12,4,,1,84,,50896,12,4,,1,85,,50897,12,4,,1,85,,50898,12,4,,1,45,,50899,12,4,,1,85,,50900,12,4,,1,85,,50901,12,4,,1
8104,'Weekday',630,,50905,12,4,,1,85,,50904,12,4,,1,85,,50903,12,4,,1,47,,50902,12,4,,1,85,,50912,12,4,,1,85,,50913,12,4,,1,85,,50914,12,4,,1,45,,50915,12,4,,1,85,,50916,12,4,,1,85,,50917,12,4,,1,85,,50918,12,4,,1,45,,50919,12,4,,1,84,,50908,12,4,,1,85,,50909,12,4,,1,85,,50910,12,4,,1,45,,50911,12,4,,1,85,,50907,12,4,,1,85,,50906,12,4,,1,85,,50920,12,4,,1,45,,50921,12,4,,1
