502,'Saturday',536,,43925,1,,,1,93,5,43922,36,,,1,27,5,43930,36,,,1,71,5,43943,36,,,1,30,5,43923,36,,,1,71,5,43926,36,,,1,76,45,43924,36,,,1,31,5,43931,36,,,1,69,45,43935,36,,,1,30,5,43927,36,,,1,70,45,43928,36,,,1,31,5,43929,36,,,1,72,5,43934,36,,,1,95,45,43933,36,,,1,35,5,43932,36,,,1,70,5,43938,36,,,1,31,5,43936,36,,,1,70,5,43937,36,,,1,30,5,43939,36,,,1,70,5,43941,36,,,1,31,5,43940,36,,,1,70,5,43942,36,,,1,30,5,43946,36,,,1,70,5,43944,36,,,1,30,5,43945,36,,,1,77,5,43951,36,,,1,90,5,43950,36,,,1,52,5,43949,36,,,1,85,5,43947,36,,,1,89,5,43948,36,,,1,90,5,43954,36,,,1,89,5,43953,36,,,1,90,45,43952,36,,,1,50,5,43955,36,,,1
502,'Sunday',634,5,43975,1,,,1,107,5,43980,36,,,1,72,5,43978,36,,,1,32,5,43979,36,,,1,76,5,43977,36,,,1,34,5,43976,36,,,1,72,5,43974,36,,,1,30,5,43971,36,,,1,74,5,43973,36,,,1,23,5,43972,36,,,1,67,5,43970,36,,,1,32,5,43969,36,,,1,72,5,43967,36,,,1,78,45,43968,36,,,1,29,5,43966,36,,,1,73,5,43965,36,,,1,23,5,43960,36,,,1,77,5,43963,36,,,1,30,5,43964,36,,,1,67,45,43962,36,,,1,43,5,43958,36,,,1,62,5,43959,36,,,1,31,5,43961,36,,,1,64,45,43957,36,,,1,36,5,43956,36,,,1,83,5,43985,36,,,1,89,5,43986,36,,,1,49,5,43983,36,,,1,89,5,43982,36,,,1,90,5,43981,36,,,1,88,5,43984,36,,,1
502,'Weekday',523,2,43987,36,,,1,25,2,44026,36,,,1,68,2,43995,36,,,1,27,2,44027,36,,,1,65,2,43996,36,,,1,21,2,43989,22,0,5,1,29,2,43997,36,,,1,66,2,44000,22,0,5,1,24,2,43998,36,,,1,66,2,44007,22,0,5,1,21,2,43999,36,,,1,70,2,44008,22,0,5,1,30,2,44001,36,,,1,66,42,44009,22,0,5,1,32,2,44002,36,,,1,70,2,44010,22,0,5,1,29,2,44003,36,,,1,72,2,44011,22,0,5,1,37,2,44004,36,,,1,71,2,44012,22,0,5,1,31,2,44005,36,,,1,76,2,44017,22,0,5,1,26,2,44006,36,,,1,69,2,44018,22,0,5,1,21,2,44013,36,,,1,69,2,44019,22,0,5,1,22,2,44014,36,,,1,27,2,44020,22,0,5,1,62,2,44015,36,,,1,27,2,44024,22,0,5,1,60,2,44016,36,,,1,35,2,44025,22,0,5,1,73,2,44021,36,,,1,37,2,43990,22,0,5,1,80,2,44022,36,,,1,25,2,43992,22,0,5,1,77,2,44023,36,,,1,80,2,43991,36,,,1,47,2,43994,36,,,1,83,2,43993,36,,,1,86,2,43988,36,,,1
1703,'Saturday',814,,46625,18,4,,1,45,,46628,18,4,,1,86,,46626,18,4,,1,85,,46627,18,4,,1,85,,46629,18,4,,1,85,,46631,18,4,,1,45,,46632,18,4,,1,86,,46634,18,4,,1,85,,46635,18,4,,1,85,,46636,18,4,,1,45,,46633,18,4,,1,85,,46630,18,4,,1,85,,46638,18,4,,1,85,,46639,18,4,,1,45,,46637,18,4,,1
1703,'Sunday',803,,46642,18,4,,1,45,,46640,18,4,,1,86,,46644,18,4,,1,85,,46645,18,4,,1,86,,46643,18,4,,1,44,,46646,18,4,,1,86,,46647,18,4,,1,85,,46649,18,4,,1,85,,46650,18,4,,1,45,,46641,18,4,,1,85,,46651,18,4,,1,85,,46648,18,4,,1,85,,46652,18,4,,1,45,,46653,18,4,,1,85,,46654,18,4,,1,85,,46655,18,4,,1
1703,'Weekday',526,,46671,18,4,,1,82,,46656,18,4,,1,47,,46674,18,4,,1,86,,46657,18,4,,1,86,,46658,18,4,,1,84,,46659,18,4,,1,45,,46660,18,4,,1,85,,46661,18,4,,1,85,,46662,18,4,,1,85,,46664,18,4,,1,44,,46666,18,4,,1,83,,46667,18,4,,1,84,,46673,18,4,,1,94,,46663,18,4,,1,43,,46668,18,4,,1,85,,46665,18,4,,1,87,,46669,18,4,,1,85,,46670,18,4,,1,43,,46672,18,4,,1
1704,'Saturday',820,,46675,1,,,1,85,,46678,1,,,1,45,,46677,1,,,1,85,,46679,1,,,1,85,,46680,1,,,1,85,,46682,1,,,1,45,,46683,1,,,1,85,,46684,1,,,1,85,,46681,1,,,1,85,,46688,1,,,1,45,,46689,1,,,1,85,,46685,1,,,1,85,,46686,1,,,1,85,,46687,1,,,1,45,,46676,1,,,1
1704,'Sunday',810,,46690,1,,,1,45,,46691,1,,,1,85,,46692,1,,,1,85,,46696,1,,,1,85,,46693,1,,,1,45,,46697,1,,,1,85,,46694,1,,,1,85,,46695,1,,,1,85,,46699,1,,,1,45,,46702,1,,,1,85,,46700,1,,,1,85,,46703,1,,,1,85,,46701,1,,,1,45,,46698,1,,,1,85,,46704,1,,,1,85,,46705,1,,,1
1704,'Weekday',530,,46706,1,,,1,82,,46707,1,,,1,46,,46710,1,,,1,85,,46711,1,,,1,87,,46709,1,,,1,84,,46714,1,,,1,86,,46712,1,,,1,44,,46715,1,,,1,87,,46713,1,,,1,83,,46708,1,,,1,44,,46716,1,,,1,82,,46717,1,,,1,86,,46718,1,,,1,11,,46725,1,,,1,82,,46719,1,,,1,82,,46720,1,,,1,45,,46721,1,,,1,87,,46722,1,,,1,86,,46723,1,,,1,82,,46724,1,,,1
50502,'Saturday',859,2,52326,17,,,1,58,2,52327,17,,,1,18,2,52330,17,,,1,18,2,52328,17,,,1,58,2,52335,17,,,1,20,2,52331,17,,,1,16,2,52344,17,,,1,57,2,52345,17,,,1,18,2,52346,17,,,1,19,2,52347,17,,,1,16,2,52348,17,,,1,58,2,52349,17,,,1,19,2,52350,17,,,1,18,2,52351,17,,,1,59,2,52352,17,,,1,18,2,52353,17,,,1,18,2,52354,17,,,1,57,2,52355,17,,,1,18,2,52356,17,,,1,17,2,52357,17,,,1,17,2,52358,17,,,1,58,2,52359,17,,,1,18,2,52360,17,,,1,18,2,52361,17,,,1,58,2,52340,17,,,1,18,2,52337,17,,,1,19,2,52332,17,,,1,59,2,52334,17,,,1,19,2,52339,17,,,1,17,2,52342,17,,,1,19,2,52343,17,,,1,58,2,52336,17,,,1,18,2,52341,17,,,1,18,2,52333,17,,,1,58,2,52338,17,,,1,15,2,52329,17,,,1
50502,'Sunday',952,,52362,17,,,1,58,,52364,17,,,1,18,,52365,17,,,1,18,,52366,17,,,1,58,,52367,17,,,1,18,,52371,17,,,1,18,,52368,17,,,1,18,,52369,17,,,1,57,,52370,17,,,1,18,,52372,17,,,1,18,,52373,17,,,1,58,,52374,17,,,1,18,,52375,17,,,1,19,,52376,17,,,1,56,,52377,17,,,1,18,,52378,17,,,1,16,,52379,17,,,1,20,,52380,17,,,1,58,,52381,17,,,1,18,,52382,17,,,1,17,,52383,17,,,1,58,,52384,17,,,1,18,,52385,17,,,1,18,,52386,17,,,1,58,,52387,17,,,1,18,,52388,17,,,1,18,,52389,17,,,1,21,,52390,17,,,1,58,,52363,17,,,1
50502,'Weekday',709,2,52391,17,,,1,24,2,52392,17,,,1,18,2,52393,17,,,1,58,2,52394,17,,,1,18,2,52395,17,,,1,18,2,52396,17,,,1,58,2,52397,17,,,1,17,2,52398,17,,,1,15,2,52399,17,,,1,18,2,52400,17,,,1,58,2,52401,17,,,1,18,2,52402,17,,,1,18,2,52403,17,,,1,58,2,52404,17,,,1,18,2,52405,17,,,1,18,2,52406,17,,,1,18,2,52407,17,,,1,59,2,52408,17,,,1,20,2,52409,17,,,1,18,2,52410,17,,,1,58,2,52411,17,,,1,18,2,52412,17,,,1,18,2,52413,17,,,1,59,2,52414,17,,,1,20,2,52415,17,,,1,21,2,52416,17,,,1,58,2,52417,17,,,1,18,2,52418,17,,,1,18,2,52419,17,,,1,58,2,52420,17,,,1,18,2,52421,17,,,1,22,2,52422,17,,,1,61,2,52423,17,,,1,18,2,52424,17,,,1,19,2,52425,17,,,1,62,2,52426,17,,,1,18,2,52427,17,,,1,16,2,52428,17,,,1,13,2,52429,17,,,1,57,2,52430,17,,,1,17,2,52431,17,,,1,16,2,52432,17,,,1,15,2,52433,17,,,1,58,2,52434,17,,,1,16,2,52435,17,,,1,18,2,52436,17,,,1,58,2,52437,17,,,1
