1101,'Saturday',433,,45023,4,,,1,81,,45026,4,,,1,40,,45027,4,,,1,81,,45025,4,,,1,80,,45024,4,,,1,40,,45028,4,,,1,82,,45035,4,,,1,88,,45037,4,,,1,79,,45039,4,,,1,42,,45040,4,,,1,82,,45038,4,,,1,82,,45042,4,,,1,41,,45043,4,,,1,82,,45041,4,,,1,81,,45044,4,,,1,86,,45058,4,,,1,44,,45059,4,,,1,87,,45061,4,,,1,83,,45062,4,,,1,44,,45060,4,,,1,85,,45063,4,,,1,87,,45067,4,,,1,84,,45068,4,,,1,87,,45069,4,,,1,54,,45071,4,,,1,94,,45074,4,,,1,105,,45075,4,,,1
1101,'Sunday',515,,45082,4,,,1,40,,45079,4,,,1,80,,45078,4,,,1,80,,45076,4,,,1,40,,45083,4,,,1,80,,45085,4,,,1,80,,45088,4,,,1,40,,45089,4,,,1,80,,45092,4,,,1,80,,45091,4,,,1,40,,45095,4,,,1,80,,45097,4,,,1,80,,45099,4,,,1,40,,45100,4,,,1,80,,45102,4,,,1,82,,45105,4,,,1,42,,45109,4,,,1,82,,45110,4,,,1,82,,45114,4,,,1,80,,45112,4,,,1,41,,45111,4,,,1,86,,45116,4,,,1,86,,45117,4,,,1,84,,45125,4,,,1,45,,45122,4,,,1,89,,45121,4,,,1,86,,45128,4,,,1,80,,45129,4,,,1
1101,'Weekday',420,,45200,4,,,1,33,,45201,4,,,1,73,,45199,4,,,1,30,,45197,4,,,1,68,,45206,4,,,1,28,,45203,4,,,1,68,,45202,4,,,1,14,,45212,4,,,1,14,,45183,4,,,1,68,,45181,4,,,1,31,,45182,4,,,1,66,,45195,4,,,1,34,,45186,4,,,1,73,,45187,4,,,1,32,,45172,4,,,1,79,,45174,4,,,1,82,,45160,4,,,1,30,,45161,4,,,1,15,,45159,6,0,9 10,1,59,,45189,4,,,1,33,,45192,4,,,1,67,,45154,4,,,1,30,,45155,4,,,1,71,,45210,4,,,1,33,,45169,6,0,9 11,1,63,,45213,6,0,9 11,1,27,,45170,4,,,1,66,,45145,4,,,1,29,,45190,4,,,1,71,,45143,4,,,1,25,,45164,4,,,1,24,,45175,4,,,1,68,,45173,4,,,1,30,,45136,4,,,1,75,,45134,4,,,1,74,,45139,4,,,1,23,,45150,6,0,9 11,1,21,,45148,4,,,1,77,,45137,4,,,1,92,,45141,4,,,1,32,,45131,3,0,9 10,1,59,,45147,4,,,1,16,,45130,3,0,9 10,1,17,,45133,4,,,1,75,,45158,4,,,1
5101,'Saturday',635,,49683,1,,,1,80,,49685,1,,,1,40,,49686,1,,,1,80,,49687,1,,,1,80,,49688,1,,,1,40,,49689,1,,,1,80,,49690,1,,,1,80,,49691,1,,,1,40,,49692,1,,,1,80,,49693,1,,,1,80,,49694,1,,,1,40,,49695,1,,,1,80,,49696,1,,,1,80,,49698,1,,,1,40,,49699,1,,,1,80,,49700,1,,,1,80,,49697,1,,,1,40,,49701,1,,,1,80,,49702,1,,,1,80,,49703,1,,,1,40,,49704,1,,,1,80,,49705,1,,,1,80,,49706,1,,,1,35,,49684,1,,,1
5101,'Sunday',800,,49708,1,,,1,40,,49709,1,,,1,80,,49710,1,,,1,80,,49711,1,,,1,40,,49712,1,,,1,80,,49713,1,,,1,80,,49714,1,,,1,40,,49715,1,,,1,80,,49716,1,,,1,80,,49717,1,,,1,40,,49718,1,,,1,80,,49719,1,,,1,80,,49720,1,,,1,40,,49721,1,,,1,80,,49722,1,,,1,80,,49723,1,,,1,40,,49724,1,,,1,80,,49725,1,,,1,80,,49726,1,,,1,40,,49727,1,,,1,80,,49728,1,,,1,39,,49707,1,,,1
5101,'Weekday',447,,49729,1,,,1,80,,49732,1,,,1,80,,49733,1,,,1,40,,49734,1,,,1,80,,49735,1,,,1,80,,49736,1,,,1,40,,49731,1,,,1,80,,49737,1,,,1,80,,49738,1,,,1,40,,49739,1,,,1,80,,49740,1,,,1,80,,49741,1,,,1,40,,49742,1,,,1,80,,49743,1,,,1,80,,49744,1,,,1,40,,49745,1,,,1,80,,49746,1,,,1,80,,49747,1,,,1,40,,49748,1,,,1,80,,49749,1,,,1,80,,49750,1,,,1,40,,49751,1,,,1,80,,49752,1,,,1,80,,49753,1,,,1,40,,49754,1,,,1,80,,49755,1,,,1,80,,49756,1,,,1,40,,49757,1,,,1,80,,49758,1,,,1,80,,49759,1,,,1,38,,49730,1,,,1
5102,'Saturday',630,,49760,12,4,,1,80,,49762,12,4,,1,40,,49763,12,4,,1,80,,49764,12,4,,1,80,,49765,12,4,,1,40,,49766,12,4,,1,80,,49767,12,4,,1,80,,49768,12,4,,1,40,,49769,12,4,,1,80,,49770,12,4,,1,80,,49771,12,4,,1,40,,49772,12,4,,1,80,,49773,12,4,,1,80,,49774,12,4,,1,40,,49775,12,4,,1,80,,49776,12,4,,1,80,,49777,12,4,,1,40,,49778,12,4,,1,80,,49779,12,4,,1,80,,49780,12,4,,1,40,,49781,12,4,,1,80,,49782,12,4,,1,80,,49783,12,4,,1,37,,49761,12,4,,1
5102,'Sunday',832,,49784,12,4,,1,80,,49788,12,4,,1,40,,49789,12,4,,1,80,,49790,12,4,,1,80,,49791,12,4,,1,40,,49792,12,4,,1,80,,49793,12,4,,1,80,,49794,12,4,,1,40,,49795,12,4,,1,80,,49796,12,4,,1,80,,49797,12,4,,1,40,,49798,12,4,,1,80,,49799,12,4,,1,80,,49800,12,4,,1,40,,49801,12,4,,1,80,,49802,12,4,,1,80,,49803,12,4,,1,40,,49804,12,4,,1,80,,49786,12,4,,1,80,,49787,12,4,,1,44,,49785,12,4,,1
5102,'Weekday',445,,49805,12,4,,1,80,,49807,12,4,,1,80,,49808,12,4,,1,40,,49809,12,4,,1,80,,49810,12,4,,1,80,,49811,12,4,,1,40,,49812,12,4,,1,80,,49813,12,4,,1,80,,49814,12,4,,1,40,,49815,12,4,,1,80,,49816,12,4,,1,80,,49817,12,4,,1,40,,49818,12,4,,1,80,,49819,12,4,,1,80,,49820,12,4,,1,40,,49821,12,4,,1,80,,49822,12,4,,1,80,,49823,12,4,,1,40,,49824,12,4,,1,80,,49825,12,4,,1,80,,49826,12,4,,1,40,,49827,12,4,,1,80,,49828,12,4,,1,80,,49829,12,4,,1,40,,49830,12,4,,1,80,,49831,12,4,,1,80,,49832,12,4,,1,40,,49833,12,4,,1,80,,49834,12,4,,1,80,,49835,12,4,,1,37,,49806,12,4,,1
51101,'Saturday',506,,52438,4,,,1,36,,52446,4,,,1,11,,52442,4,,,1,59,,52440,4,,,1,30,,52450,4,,,1,66,,52444,4,0,13,1,12,,52462,4,0,13,1,3,,52448,4,,,1,15,,52527,4,,,1,70,,52449,4,,,1,45,,52445,4,,,1,85,,52454,4,,,1,86,,52458,4,,,1,90,,52465,4,,,1,90,,52463,4,,,1,50,,52470,4,,,1,90,,52469,4,,,1,90,,52476,4,,,1,90,,52483,4,,,1,90,,52489,4,,,1,90,,52495,4,,,1,38,,52496,4,0,13,1,8,,52501,4,0,13,1,2,,52499,4,,,1,60,,52502,4,0,13,1,11,,52516,4,0,13,1,21,,52505,4,,,1,77,,52528,4,,,1,13,,52510,4,,,1
51101,'Sunday',553,,52580,4,,,1,63,,52583,4,,,1,29,,52581,4,,,1,63,,52549,4,,,1,10,,52584,4,,,1,10,,52582,4,,,1,20,,52552,4,,,1,75,,52550,4,,,1,85,,52553,4,,,1,40,,52554,4,,,1,80,,52551,4,,,1,80,,52557,4,,,1,40,,52558,4,,,1,80,,52555,4,,,1,82,,52556,4,,,1,93,,52559,4,,,1,30,,52560,4,,,1,81,,52561,4,,,1,39,,52562,4,,,1,80,,52563,4,,,1,80,,52564,4,,,1,89,,52565,4,,,1,31,,52568,4,,,1,76,,52569,4,,,1,41,,52566,4,,,1,78,,52567,4,,,1,80,,52570,4,,,1,40,,52571,4,,,1
51101,'Weekday',541,,52591,4,,,1,14,,52594,4,,,1,52,,52598,4,,,1,8,,52675,4,,,1,7,,52605,4,,,1,15,,52603,4,,,1,13,,52589,4,,,1,60,,52592,4,,,1,11,,52590,4,,,1,17,,52595,4,,,1,13,,52593,4,,,1,52,,52596,4,,,1,17,,52600,4,,,1,18,,52608,4,,,1,15,,52610,4,,,1,60,,52597,4,,,1,26,,52660,4,,,1,66,,52659,4,,,1,24,,52662,4,,,1,24,,52663,4,,,1,64,,52664,4,,,1,22,,52661,4,,,1,66,,52665,4,,,1,24,,52666,4,,,1,23,,52667,4,,,1,63,,52668,4,,,1,24,,52669,4,,,1,63,,52613,4,,,1,19,,52622,4,,,1,16,,52620,4,,,1,16,,52618,4,,,1,56,,52623,4,,,1,18,,52640,4,,,1,15,,52625,4,,,1,16,,52634,4,,,1,52,,52624,4,,,1,12,,52631,4,,,1,15,,52627,4,,,1,17,,52626,4,,,1,50,,52632,4,,,1,16,,52630,4,,,1,16,,52628,4,,,1,67,,52629,4,,,1,11,,52635,4,,,1,15,,52641,4,,,1,13,,52639,4,,,1,12,,52637,4,,,1,57,,52642,4,,,1,22,,52636,4,,,1,12,,52644,4,,,1,14,,52643,4,,,1,61,,52646,4,,,1,19,,52647,4,,,1,20,,52649,4,,,1,60,,52651,4,,,1,22,,52653,4,,,1,59,,52656,4,,,1,22,,52652,4,,,1,18,,52655,4,,,1,16,,52654,4,,,1,61,,52650,4,,,1,17,,52609,4,,,1,67,,52657,4,,,1,20,,52658,4,,,1,20,,52611,4,,,1
