502,'Holiday1',711,,28772,4,,,1,32,,28770,4,,,1,72,,28771,4,,,1,37,,28769,4,,,1,74,,28767,4,,,1,31,,28766,4,,,1,70,,28763,4,,,1,73,,28765,4,,,1,23,,28764,4,,,1,27,,28762,4,,,1,72,,28761,4,,,1,32,,28759,4,,,1,78,,28760,4,,,1,26,,28758,4,,,1,73,,28757,4,,,1,23,,28750,4,,,1,77,,28755,4,,,1,70,,28756,4,,,1,27,,28754,4,,,1,83,,28751,4,,,1,22,,28752,4,,,1,72,,28753,4,,,1,24,,28749,4,,,1,76,,28748,4,,,1,44,,28777,4,,,1,89,,28778,4,,,1,89,,28775,4,,,1,90,,28774,4,,,1,90,,28773,4,,,1,50,,28776,4,,,1
502,'Saturday',559,,28779,4,,,1,67,,28787,4,,,1,30,,28800,4,,,1,70,,28780,4,,,1,30,,28783,4,,,1,76,,28781,4,,,1,71,,28788,4,,,1,29,,28792,4,,,1,71,,28784,4,,,1,30,,28785,4,,,1,70,,28786,4,,,1,32,,28791,4,,,1,94,,28790,4,,,1,75,,28789,4,,,1,30,,28795,4,,,1,70,,28793,4,,,1,30,,28794,4,,,1,70,,28796,4,,,1,30,,28798,4,,,1,70,,28797,4,,,1,30,,28799,4,,,1,70,,28803,4,,,1,30,,28801,4,,,1,70,,28802,4,,,1,37,,28808,4,,,1,91,,28807,4,,,1,93,,28806,4,,,1,86,,28804,4,,,1,90,,28805,4,,,1,50,,28812,4,,,1,90,,28811,4,,,1,90,,28809,4,,,1,90,,28810,4,,,1
502,'Sunday',711,,28837,4,,,1,32,,28835,4,,,1,72,,28836,4,,,1,37,,28834,4,,,1,74,,28832,4,,,1,31,,28831,4,,,1,70,,28828,4,,,1,73,,28830,4,,,1,23,,28829,4,,,1,27,,28827,4,,,1,72,,28826,4,,,1,32,,28824,4,,,1,78,,28825,4,,,1,26,,28823,4,,,1,73,,28822,4,,,1,23,,28817,4,,,1,77,,28820,4,,,1,70,,28821,4,,,1,27,,28819,4,,,1,83,,28815,4,,,1,22,,28816,4,,,1,72,,28818,4,,,1,24,,28814,4,,,1,76,,28813,4,,,1,44,,28842,4,,,1,89,,28843,4,,,1,89,,28840,4,,,1,90,,28839,4,,,1,90,,28838,4,,,1,50,,28841,4,,,1
502,'Weekday',449,,28844,4,,,1,60,,28854,4,,,1,20,,28855,4,,,1,20,,28856,4,,,1,60,,28857,4,,,1,23,,28858,4,,,1,20,,28859,4,,,1,77,,28863,4,,,1,80,,28864,4,,,1,37,,28865,4,,,1,94,,28887,4,,,1,92,,28886,4,,,1,94,,28891,4,,,1,94,,28890,4,,,1,94,,28889,4,,,1,35,,28866,4,,,1,80,,28875,4,,,1,80,,28876,4,,,1,40,,28877,4,,,1,80,,28878,4,,,1,80,,28879,4,,,1,40,,28880,4,,,1,80,,28881,4,,,1,116,,28852,4,,,1,82,,28851,4,,,1,80,,28849,4,,,1,40,,28853,4,,,1,80,,28847,4,,,1,80,,28848,4,,,1,43,,28850,4,,,1,81,,28846,4,,,1,74,,28845,4,,,1
502,'Holiday11111111',711,,40281,4,,,1,32,,40279,4,,,1,72,,40280,4,,,1,37,,40278,4,,,1,74,,40277,4,,,1,31,,40275,4,,,1,70,,40272,4,,,1,73,,40274,4,,,1,23,,40273,4,,,1,27,,40271,4,,,1,72,,40270,4,,,1,32,,40268,4,,,1,78,,40269,4,,,1,26,,40267,4,,,1,73,,40266,4,,,1,23,,40261,4,,,1,77,,40264,4,,,1,70,,40265,4,,,1,27,,40263,4,,,1,83,,40259,4,,,1,22,,40260,4,,,1,72,,40262,4,,,1,24,,40258,4,,,1,76,,40257,4,,,1,44,,40286,4,,,1,89,,40287,4,,,1,89,,40284,4,,,1,90,,40283,4,,,1,90,,40282,4,,,1,50,,40285,4,,,1
1102,'Holiday1',639,,30352,13,,,1,20,,30349,13,0,5,1,60,,30350,13,,,1,20,,30351,13,0,5,1,20,,30353,13,,,1,60,,30354,13,0,5,1,20,,30355,13,,,1,20,,30356,13,0,5,1,61,,30357,13,,,1,20,,30358,13,0,5,1,60,,30359,13,,,1,20,,30360,13,0,5,1,20,,30361,13,,,1,60,,30363,13,0,5,1,20,,30362,13,,,1,20,,30364,13,0,5,1,60,,30365,13,,,1,20,,30366,13,0,5,1,20,,30367,13,,,1,60,,30368,13,0,5,1,20,,30369,13,,,1,20,,30370,13,0,5,1,60,,30371,13,,,1,20,,30374,13,0,5,1,20,,30373,13,,,1,60,,30372,13,0,5,1,21,,30377,13,,,1,21,,30379,13,0,5,1,61,,30376,13,,,1,21,,30378,13,0,5,1,21,,30375,13,,,1,61,,30382,13,0,5,1,21,,30380,13,,,1,21,,30381,13,0,5,1,63,,30383,13,,,1,20,,30384,13,0,5,1,74,,30388,13,,,1,20,,30387,13,0,5,1,21,,30385,13,,,1,65,,30386,13,0,5,1,26,,30389,13,,,1,20,,30393,13,0,5,1,64,,30390,13,,,1,20,,30394,13,0,5,1,66,,30391,13,,,1,20,,30395,13,0,5,1,26,,30396,13,,,1,60,,30392,13,0,5,1,26,,30398,13,,,1,65,,30397,13,0,5,1
1102,'Saturday',527,,30399,13,,,1,21,,30409,13,0,5,1,60,,30403,13,,,1,22,,30401,13,0,5,1,17,,30404,13,,,1,63,,30402,13,0,5,1,18,,30405,13,,,1,20,,30407,13,0,5,1,60,,30406,13,,,1,20,,30400,13,0,5,1,20,,30410,13,,,1,60,,30411,13,0,5,1,21,,30412,13,,,1,21,,30421,13,0,5,1,61,,30408,13,,,1,21,,30419,13,0,5,1,21,,30413,13,,,1,61,,30422,13,0,5,1,21,,30414,13,,,1,21,,30420,13,0,5,1,61,,30415,13,,,1,28,,30423,13,0,5,1,14,,30416,13,,,1,61,,30424,13,0,5,1,21,,30417,13,,,1,61,,30425,13,0,5,1,21,,30418,13,,,1,22,,30426,13,0,5,1,64,,30435,13,,,1,20,,30427,13,0,5,1,24,,30433,13,,,1,60,,30428,13,0,5,1,24,,30436,13,,,1,20,,30430,13,0,5,1,64,,30437,13,,,1,20,,30431,13,0,5,1,64,,30434,13,,,1,20,,30432,13,0,5,1,24,,30438,13,,,1,60,,30429,13,0,5,1,26,,30439,13,,,1,23,,30442,13,0,5,1,62,,30440,13,,,1,23,,30443,13,0,5,1,68,,30441,13,,,1,23,,30444,13,0,5,1,24,,30449,13,,,1,61,,30445,13,0,5,1,30,,30450,13,,,1,63,,30446,13,0,5,1,35,,30451,13,,,1,67,,30447,13,0,5,1,27,,30452,13,,,1,74,,30448,13,0,5,1
1102,'Sunday',639,,30456,13,,,1,20,,30453,13,0,5,1,60,,30454,13,,,1,20,,30455,13,0,5,1,20,,30457,13,,,1,60,,30458,13,0,5,1,20,,30459,13,,,1,20,,30460,13,0,5,1,61,,30461,13,,,1,20,,30462,13,0,5,1,60,,30463,13,,,1,20,,30464,13,0,5,1,20,,30465,13,,,1,60,,30467,13,0,5,1,20,,30466,13,,,1,20,,30468,13,0,5,1,60,,30469,13,,,1,20,,30470,13,0,5,1,20,,30471,13,,,1,60,,30472,13,0,5,1,20,,30473,13,,,1,20,,30475,13,0,5,1,60,,30474,13,,,1,20,,30478,13,0,5,1,20,,30477,13,,,1,60,,30476,13,0,5,1,21,,30481,13,,,1,21,,30483,13,0,5,1,61,,30480,13,,,1,21,,30482,13,0,5,1,21,,30479,13,,,1,61,,30486,13,0,5,1,21,,30484,13,,,1,21,,30485,13,0,5,1,63,,30487,13,,,1,20,,30488,13,0,5,1,74,,30492,13,,,1,20,,30491,13,0,5,1,21,,30489,13,,,1,65,,30490,13,0,5,1,26,,30493,13,,,1,20,,30496,13,0,5,1,64,,30494,13,,,1,20,,30497,13,0,5,1,66,,30495,13,,,1,20,,30498,13,0,5,1,26,,30500,13,,,1,60,,30499,13,0,5,1,26,,30502,13,,,1,65,,30501,13,0,5,1
1102,'Weekday',526,,30575,13,,,1,18,,30573,13,,,1,14,,30574,13,,,1,59,,30579,13,,,1,14,,30576,13,0,5,1,14,,30580,13,,,1,61,,30584,13,,,1,12,,30582,13,0,5,1,12,,30578,13,,,1,13,,30581,13,0,5,1,12,,30583,13,,,1,56,,30577,13,0,5,1,12,,30567,13,,,1,16,,30565,13,0,5,1,12,,30555,13,,,1,56,,30566,13,0,5,1,12,,30556,13,,,1,21,,30554,13,0,5,1,13,,30545,13,,,1,59,,30569,13,0,5,1,18,,30544,13,,,1,16,,30562,13,0,5,1,55,,30546,13,,,1,19,,30557,13,0,5,1,15,,30535,13,,,1,9,,30558,13,0,5,1,56,,30564,13,,,1,15,,30547,13,0,5,1,14,,30568,13,,,1,13,,30549,13,0,5,1,14,,30534,13,,,1,57,,30560,13,0,5,1,17,,30543,13,,,1,14,,30559,13,0,5,1,14,,30533,13,,,1,53,,30548,13,0,5,1,15,,30542,13,,,1,16,,30527,13,0,5,1,14,,30524,13,,,1,54,,30526,13,0,5,1,12,,30563,13,,,1,16,,30553,13,0,5,1,12,,30525,13,,,1,56,,30522,13,0,5,1,12,,30540,13,,,1,14,,30523,13,0,5,1,16,,30512,13,,,1,56,,30541,13,0,5,1,15,,30561,13,,,1,18,,30514,13,0,5,1,15,,30551,13,,,1,54,,30552,13,0,5,1,12,,30513,13,,,1,16,,30517,13,0,5,1,12,,30506,13,,,1,13,,30537,13,0,5,1,52,,30510,13,,,1,14,,30507,13,0,5,1,11,,30529,13,,,1,19,,30538,13,0,5,1,52,,30516,13,,,1,14,,30515,13,,,1,13,,30550,13,0,5,1,21,,30539,13,,,1,69,,30505,13,,,1,24,,30503,13,0,5,1,60,,30511,13,,,1,23,,30530,13,0,5,1,25,,30521,13,,,1,58,,30518,13,0,5,1,13,,30504,13,,,1,19,,30508,13,0,5,1,62,,30531,13,,,1,31,,30509,13,0,5,1,18,,30520,13,,,1,52,,30587,13,0,5,1,21,,30519,13,0,5,1
1102,'Holiday11111111',639,,40562,13,,,1,20,,40559,13,0,5,1,60,,40560,13,,,1,20,,40561,13,0,5,1,20,,40563,13,,,1,60,,40564,13,0,5,1,20,,40565,13,,,1,20,,40566,13,0,5,1,61,,40567,13,,,1,20,,40568,13,0,5,1,60,,40569,13,,,1,20,,40570,13,0,5,1,20,,40571,13,,,1,60,,40573,13,0,5,1,20,,40572,13,,,1,20,,40574,13,0,5,1,60,,40575,13,,,1,20,,40576,13,0,5,1,20,,40577,13,,,1,60,,40578,13,0,5,1,20,,40579,13,,,1,20,,40581,13,0,5,1,60,,40580,13,,,1,20,,40584,13,0,5,1,20,,40583,13,,,1,60,,40582,13,0,5,1,21,,40587,13,,,1,21,,40589,13,0,5,1,61,,40586,13,,,1,21,,40588,13,0,5,1,21,,40585,13,,,1,61,,40592,13,0,5,1,21,,40590,13,,,1,21,,40591,13,0,5,1,63,,40593,13,,,1,20,,40594,13,0,5,1,74,,40598,13,,,1,20,,40597,13,0,5,1,21,,40595,13,,,1,65,,40596,13,0,5,1,26,,40599,13,,,1,20,,40602,13,0,5,1,64,,40600,13,,,1,20,,40603,13,0,5,1,66,,40601,13,,,1,20,,40604,13,0,5,1,26,,40606,13,,,1,60,,40605,13,0,5,1,26,,40608,13,,,1,65,,40607,13,0,5,1
2902,'Weekday',601,,34226,2,0,5,1,16,,34261,2,0,5,1,16,,34258,2,0,5,1,16,,34257,2,0,5,1,56,,34255,2,0,5,1,16,,34254,2,0,5,1,16,,34253,2,0,5,1,16,,34256,2,0,5,1,56,,34260,2,0,5,1,16,,34259,2,0,5,1,16,,34263,2,0,5,1,14,,34262,2,0,5,1,58,,34265,2,0,5,1,16,,34264,2,0,5,1,501,,34240,2,0,5,1,18,,34241,2,0,5,1,58,,34266,2,0,5,1,14,,34267,2,0,5,1,14,,34268,2,0,5,1,12,,34252,2,0,5,1,12,,34269,2,0,5,1,55,,34270,2,0,5,1,18,,34271,2,0,5,1,18,,34272,2,0,5,1,58,,34273,2,0,5,1,18,,34274,2,0,5,1,18,,34275,2,0,5,1,58,,34276,2,0,5,1,18,,34277,2,0,5,1,18,,34278,2,0,5,1,18,,34279,2,0,5,1,58,,34280,2,0,5,1,18,,34281,2,0,5,1,18,,34282,2,0,5,1,55,,34239,2,0,5,1
