2302,'Holiday1',728,,33054,7,,,1,30,,33028,7,,,1,65,,33031,7,,,1,25,,33032,7,,,1,68,,33033,7,,,1,28,,33030,7,,,1,68,,33034,7,,,1,27,,33035,7,,,1,70,,33029,7,,,1,25,,33037,7,,,1,68,,33039,7,,,1,27,,33036,7,,,1,25,,33040,7,,,1,70,,33038,7,,,1,30,,33042,7,,,1,65,,33043,7,,,1,28,,33045,7,,,1,69,,33041,7,,,1,28,,33046,7,,,1,70,,33059,7,,,1,30,,33048,7,,,1,70,,33049,7,,,1,26,,33050,7,,,1,69,,33047,7,,,1,30,,33051,7,,,1,71,,33052,7,,,1,28,,33053,7,,,1,68,,33044,7,,,1,28,,33057,7,,,1,68,,33058,7,,,1,28,,33055,7,,,1,28,,33056,7,,,1
2302,'Saturday',521,,33060,7,,,1,30,,33062,7,,,1,70,,33082,7,,,1,32,,33081,7,,,1,78,,33085,7,,,1,71,,33084,7,,,1,25,,33088,7,,,1,26,,33089,7,,,1,64,,33086,7,,,1,28,,33087,7,,,1,68,,33090,7,,,1,28,,33093,7,,,1,69,,33094,7,,,1,27,,33091,7,,,1,68,,33092,7,,,1,28,,33083,7,,,1,68,,33072,7,,,1,28,,33075,7,,,1,28,,33076,7,,,1,68,,33077,7,,,1,28,,33074,7,,,1,68,,33073,7,,,1,28,,33079,7,,,1,70,,33080,7,,,1,30,,33078,7,,,1,68,,33064,7,,,1,28,,33065,7,,,1,69,,33061,7,,,1,32,,33071,7,,,1,73,,33063,7,,,1,32,,33067,7,,,1,72,,33069,7,,,1,29,,33066,7,,,1,69,,33068,7,,,1,30,,33070,7,,,1,70,,33098,7,,,1,30,,33097,7,,,1,70,,33096,7,,,1,30,,33095,7,,,1
2302,'Sunday',728,,33125,7,,,1,30,,33099,7,,,1,65,,33102,7,,,1,25,,33103,7,,,1,68,,33104,7,,,1,28,,33101,7,,,1,68,,33105,7,,,1,27,,33106,7,,,1,70,,33100,7,,,1,25,,33108,7,,,1,68,,33110,7,,,1,27,,33107,7,,,1,25,,33111,7,,,1,70,,33109,7,,,1,30,,33113,7,,,1,65,,33114,7,,,1,28,,33115,7,,,1,69,,33112,7,,,1,28,,33116,7,,,1,70,,33130,7,,,1,30,,33119,7,,,1,70,,33120,7,,,1,26,,33121,7,,,1,69,,33117,7,,,1,30,,33122,7,,,1,71,,33123,7,,,1,28,,33124,7,,,1,68,,33118,7,,,1,28,,33128,7,,,1,68,,33129,7,,,1,28,,33126,7,,,1,28,,33127,7,,,1
2302,'Weekday',436,,33131,7,,,1,15,,33141,7,,,1,57,,33142,7,,,1,14,,33140,7,,,1,15,,33144,7,,,1,15,,33146,7,,,1,55,,33147,7,,,1,15,,33148,7,,,1,15,,33145,7,,,1,15,,33149,7,,,1,55,,33143,7,,,1,15,,33150,7,,,1,15,,33151,7,,,1,20,,33152,7,,,1,55,,33153,7,,,1,17,,33137,7,,,1,18,,33134,7,,,1,69,,33136,7,,,1,29,,33154,7,,,1,71,,33155,7,,,1,31,,33156,7,,,1,68,,33157,7,,,1,30,,33158,7,,,1,71,,33159,7,,,1,32,,33160,7,,,1,69,,33161,7,,,1,29,,33139,7,,,1,61,,33185,7,,,1,19,,33182,7,,,1,19,,33184,7,,,1,55,,33181,7,,,1,15,,33183,7,,,1,17,,33180,7,,,1,18,,33162,7,,,1,54,,33163,7,,,1,15,,33164,7,,,1,15,,33165,7,,,1,15,,33166,7,,,1,55,,33167,7,,,1,15,,33168,7,,,1,15,,33169,7,,,1,15,,33170,7,,,1,55,,33171,7,,,1,15,,33132,7,,,1,17,,33138,7,,,1,13,,33135,7,,,1,55,,33133,7,,,1,34,,33172,7,,,1,74,,33173,7,,,1,32,,33174,7,,,1,71,,33175,7,,,1,38,,33176,7,,,1,74,,33177,7,,,1,74,,33178,7,,,1,34,,33179,7,,,1
2302,'Holiday11111111',728,,41066,7,,,1,30,,41040,7,,,1,65,,41043,7,,,1,25,,41044,7,,,1,68,,41045,7,,,1,28,,41042,7,,,1,68,,41046,7,,,1,27,,41047,7,,,1,70,,41041,7,,,1,25,,41049,7,,,1,68,,41051,7,,,1,27,,41048,7,,,1,25,,41052,7,,,1,70,,41050,7,,,1,30,,41054,7,,,1,65,,41055,7,,,1,28,,41056,7,,,1,69,,41053,7,,,1,28,,41057,7,,,1,70,,41071,7,,,1,30,,41061,7,,,1,70,,41062,7,,,1,26,,41059,7,,,1,69,,41058,7,,,1,30,,41063,7,,,1,71,,41064,7,,,1,28,,41065,7,,,1,68,,41060,7,,,1,28,,41069,7,,,1,68,,41070,7,,,1,28,,41067,7,,,1,28,,41068,7,,,1
3503,'Holiday1',801,,35107,7,,,1,45,,35106,7,,,1,85,,35115,7,,,1,86,,35109,7,,,1,85,,35111,7,,,1,45,,35113,7,,,1,85,,35108,7,,,1,85,,35114,7,,,1,85,,35105,7,,,1,45,,35110,7,,,1,85,,35112,7,,,1,85,,35116,7,,,1,85,,35117,7,,,1,45,,35120,7,,,1,85,,35118,7,,,1,85,,35119,7,,,1
3503,'Saturday',816,,35123,7,,,1,86,,35121,7,,,1,45,,35124,7,,,1,85,,35122,7,,,1,85,,35126,7,,,1,85,,35125,7,,,1,45,,35129,7,,,1,85,,35128,7,,,1,85,,35130,7,,,1,85,,35127,7,,,1,45,,35131,7,,,1,85,,35133,7,,,1,85,,35134,7,,,1,85,,35132,7,,,1,45,,35135,7,,,1,85,,35136,7,,,1,85,,35137,7,,,1
3503,'Sunday',801,,35140,7,,,1,45,,35139,7,,,1,85,,35148,7,,,1,86,,35142,7,,,1,85,,35144,7,,,1,45,,35146,7,,,1,85,,35141,7,,,1,85,,35147,7,,,1,85,,35138,7,,,1,45,,35143,7,,,1,85,,35145,7,,,1,85,,35149,7,,,1,85,,35150,7,,,1,45,,35153,7,,,1,85,,35151,7,,,1,85,,35152,7,,,1
3503,'Weekday',531,,35154,7,,,1,76,,35158,7,,,1,35,,35155,7,,,1,75,,35174,7,,,1,35,,35162,7,,,1,75,,35173,7,,,1,75,,35180,7,,,1,35,,35185,7,,,1,75,,35179,7,,,1,35,,35157,7,,,1,80,,35178,7,,,1,30,,35177,7,,,1,75,,35181,7,,,1,75,,35175,7,,,1,35,,35183,7,,,1,75,,35184,7,,,1,35,,35176,7,,,1,75,,35165,7,,,1,75,,35164,7,,,1,35,,35160,7,,,1,75,,35170,7,,,1,35,,35166,7,,,1,75,,35169,7,,,1,35,,35163,7,,,1,75,,35159,7,,,1,75,,35167,7,,,1,35,,35168,7,,,1,75,,35171,7,,,1,35,,35172,7,,,1,75,,35156,7,,,1,75,,35161,7,,,1,35,,35182,7,,,1
3503,'Holiday11111111',801,,41407,7,,,1,45,,41408,7,,,1,85,,41409,7,,,1,86,,41410,7,,,1,85,,41411,7,,,1,45,,41412,7,,,1,85,,41413,7,,,1,85,,41414,7,,,1,85,,41415,7,,,1,45,,41416,7,,,1,85,,41417,7,,,1,85,,41418,7,,,1,85,,41419,7,,,1,45,,41420,7,,,1,85,,41421,7,,,1,85,,41422,7,,,1
5003,'Holiday1',734,,35317,3,,,1,68,,35308,27,,,1,25,,35307,27,,,1,14,,35319,18,0,5,1,16,,35315,27,,,1,59,,35326,18,0,5,1,11,,35288,27,,,1,30,,35311,27,,,1,54,,35329,18,0,5,1,17,,35290,27,,,1,17,,35330,18,0,5,1,59,,35291,27,,,1,24,,35292,27,,,1,14,,35332,18,0,5,1,59,,35289,27,,,1,20,,35328,18,0,5,1,17,,35313,27,,,1,21,,35293,27,,,1,53,,35333,18,0,5,1,18,,35294,27,,,1,23,,35331,18,0,5,1,57,,35287,27,,,1,19,,35310,27,,,1,13,,35334,18,0,5,1,17,,35296,27,,,1,64,,35325,18,0,5,1,11,,35299,27,,,1,66,,35295,27,,,1,12,,35324,18,0,5,1,18,,35314,27,,,1,20,,35320,18,0,5,1,58,,35300,27,,,1,21,,35297,27,,,1,13,,35323,18,0,5,1,17,,35312,27,,,1,63,,35318,18,0,5,1,12,,35302,27,,,1,24,,35303,27,,,1,54,,35322,18,0,5,1,17,,35301,27,,,1,28,,35321,18,0,5,1,60,,35304,27,,,1,25,,35327,18,0,5,1,17,,35298,27,,,1,66,,35337,18,0,5,1,13,,35305,27,,,1,70,,35306,27,,,1,10,,35335,18,0,5,1,28,,35309,27,,,1,55,,35338,18,0,5,1,28,,35316,27,,,1,11,,35336,18,0,5,1
5003,'Saturday',547,,35372,27,,,1,80,,35368,27,,,1,80,,35339,27,,,1,40,,35340,27,,,1,59,,35373,18,0,5,1,20,,35341,27,,,1,24,,35381,18,0,5,1,56,,35342,27,,,1,29,,35386,18,0,5,1,9,,35344,27,,,1,78,,35383,18,0,5,1,13,,35345,27,,,1,65,,35346,27,,,1,7,,35382,18,0,5,1,21,,35343,27,,,1,24,,35385,18,0,5,1,6,,35370,27,,,1,71,,35348,27,,,1,9,,35384,18,0,5,1,21,,35350,27,,,1,65,,35387,18,0,5,1,6,,35347,27,,,1,70,,35351,27,,,1,9,,35388,18,0,5,1,20,,35349,27,,,1,24,,35389,18,0,5,1,6,,35353,27,,,1,70,,35354,27,,,1,9,,35390,18,0,5,1,62,,35371,27,,,1,25,,35376,18,0,5,1,13,,35355,27,,,1,63,,35352,27,,,1,8,,35378,18,0,5,1,20,,35356,27,,,1,24,,35377,18,0,5,1,52,,35357,27,,,1,24,,35359,27,,,1,9,,35380,18,0,5,1,21,,35369,27,,,1,64,,35379,18,0,5,1,14,,35362,27,,,1,22,,35360,27,,,1,51,,35375,18,0,5,1,18,,35358,27,,,1,24,,35374,18,0,5,1,60,,35361,27,,,1,20,,35394,18,0,5,1,22,,35364,27,,,1,66,,35393,18,0,5,1,12,,35363,27,,,1,71,,35365,27,,,1,9,,35392,18,0,5,1,31,,35391,18,0,5,1,9,,35366,27,,,1,69,,35367,27,,,1
5003,'Sunday',734,,35425,3,,,1,68,,35416,27,,,1,25,,35415,27,,,1,14,,35427,18,0,5,1,16,,35423,27,,,1,59,,35434,18,0,5,1,11,,35395,27,,,1,30,,35419,27,,,1,54,,35437,18,0,5,1,17,,35398,27,,,1,17,,35438,18,0,5,1,59,,35399,27,,,1,24,,35400,27,,,1,14,,35440,18,0,5,1,59,,35397,27,,,1,20,,35436,18,0,5,1,17,,35421,27,,,1,21,,35401,27,,,1,53,,35441,18,0,5,1,18,,35402,27,,,1,23,,35439,18,0,5,1,57,,35396,27,,,1,19,,35418,27,,,1,13,,35442,18,0,5,1,17,,35404,27,,,1,64,,35433,18,0,5,1,11,,35407,27,,,1,66,,35403,27,,,1,12,,35432,18,0,5,1,18,,35422,27,,,1,20,,35428,18,0,5,1,58,,35408,27,,,1,21,,35405,27,,,1,13,,35431,18,0,5,1,17,,35420,27,,,1,63,,35426,18,0,5,1,12,,35410,27,,,1,24,,35411,27,,,1,54,,35430,18,0,5,1,17,,35409,27,,,1,28,,35429,18,0,5,1,60,,35412,27,,,1,25,,35435,18,0,5,1,17,,35406,27,,,1,66,,35445,18,0,5,1,13,,35413,27,,,1,70,,35414,27,,,1,10,,35443,18,0,5,1,28,,35417,27,,,1,55,,35446,18,0,5,1,28,,35424,27,,,1,11,,35444,18,0,5,1
5003,'Weekday',558,,35449,27,,,1,43,,35447,18,0,5,1,13,,35486,27,,,1,15,,35487,27,,,1,2,,35471,18,0,5,1,15,,35488,27,,,1,54,,35466,18,0,5,1,2,,35489,27,,,1,15,,35490,27,,,1,14,,35459,18,0,5,1,1,,35491,27,,,1,14,,35492,27,,,1,54,,35493,27,,,1,1,,35478,18,0,5,1,14,,35494,27,,,1,14,,35495,27,,,1,2,,35469,18,0,5,1,14,,35496,27,,,1,14,,35497,27,,,1,42,,35468,18,0,5,1,13,,35498,27,,,1,14,,35499,27,,,1,2,,35467,18,0,5,1,13,,35501,27,,,1,15,,35502,27,,,1,45,,35474,18,0,5,1,10,,35503,27,,,1,15,,35500,27,,,1,11,,35477,18,0,5,1,4,,35504,27,,,1,15,,35505,27,,,1,56,,35506,27,,,1,7,,35482,18,0,5,1,14,,35507,27,,,1,20,,35508,27,,,1,46,,35483,18,0,5,1,15,,35509,27,,,1,20,,35510,27,,,1,5,,35475,18,0,5,1,15,,35511,27,,,1,55,,35481,18,0,5,1,5,,35512,27,,,1,20,,35513,27,,,1,6,,35476,18,0,5,1,14,,35514,27,,,1,57,,35457,18,0,5,1,7,,35515,27,,,1,17,,35516,27,,,1,8,,35480,18,0,5,1,7,,35517,27,,,1,55,,35518,27,,,1,6,,35484,18,0,5,1,8,,35519,27,,,1,15,,35520,27,,,1,6,,35485,18,0,5,1,9,,35521,27,,,1,55,,35522,27,,,1,7,,35464,18,0,5,1,9,,35523,27,,,1,16,,35524,27,,,1,7,,35456,18,0,5,1,8,,35525,27,,,1,55,,35527,27,,,1,7,,35455,18,0,5,1,8,,35526,27,,,1,15,,35528,27,,,1,7,,35472,18,0,5,1,8,,35529,27,,,1,55,,35530,27,,,1,5,,35454,18,0,5,1,8,,35531,27,,,1,14,,35532,27,,,1,7,,35460,18,0,5,1,8,,35533,27,,,1,54,,35534,27,,,1,8,,35473,18,0,5,1,6,,35535,27,,,1,15,,35536,27,,,1,10,,35462,18,0,5,1,5,,35537,27,,,1,54,,35538,27,,,1,10,,35461,18,0,5,1,4,,35539,27,,,1,25,,35479,18,0,5,1,4,,35540,27,,,1,66,,35470,18,0,5,1,3,,35541,27,,,1,27,,35458,18,0,5,1,3,,35542,27,,,1,66,,35453,18,0,5,1,4,,35543,27,,,1,25,,35465,18,0,5,1,5,,35544,27,,,1,65,,35463,18,0,5,1,6,,35545,27,,,1,19,,35450,18,0,5,1,11,,35546,27,,,1,58,,35451,18,0,5,1,12,,35547,27,,,1,34,,35452,27,,,1
5003,'Holiday11111111',734,,41490,3,,,1,68,,41481,27,,,1,25,,41479,27,,,1,14,,41444,18,0,5,1,16,,41488,27,,,1,59,,41450,18,0,5,1,11,,41462,27,,,1,30,,41485,27,,,1,54,,41447,18,0,5,1,17,,41465,27,,,1,17,,41452,18,0,5,1,59,,41463,27,,,1,24,,41461,27,,,1,14,,41454,18,0,5,1,59,,41464,27,,,1,20,,41448,18,0,5,1,17,,41483,27,,,1,21,,41470,27,,,1,53,,41449,18,0,5,1,18,,41472,27,,,1,23,,41453,18,0,5,1,57,,41460,27,,,1,19,,41484,27,,,1,13,,41455,18,0,5,1,17,,41473,27,,,1,64,,41442,18,0,5,1,11,,41466,27,,,1,66,,41471,27,,,1,12,,41446,18,0,5,1,18,,41487,27,,,1,20,,41440,18,0,5,1,58,,41469,27,,,1,21,,41477,27,,,1,13,,41439,18,0,5,1,17,,41486,27,,,1,63,,41441,18,0,5,1,12,,41476,27,,,1,24,,41468,27,,,1,54,,41445,18,0,5,1,17,,41475,27,,,1,28,,41443,18,0,5,1,60,,41467,27,,,1,25,,41451,18,0,5,1,17,,41474,27,,,1,66,,41459,18,0,5,1,13,,41478,27,,,1,70,,41480,27,,,1,10,,41458,18,0,5,1,28,,41482,27,,,1,55,,41457,18,0,5,1,28,,41489,27,,,1,11,,41456,18,0,5,1
