204,'Saturday',613,,42807,5,,,1,27,,42845,5,,,1,72,,42839,5,,,1,29,,42842,5,,,1,72,,42844,5,,,1,30,,42843,5,,,1,71,,42841,5,,,1,30,,42840,5,,,1,70,,42835,5,,,1,30,,42838,5,,,1,70,,42837,5,,,1,30,,42846,5,,,1,70,,42836,5,,,1,30,,42834,5,,,1,70,,42830,5,,,1,30,,42829,5,,,1,70,,42833,5,,,1,30,,42832,5,,,1,70,,42831,5,,,1,30,,42828,5,,,1,70,,42827,5,,,1,30,,42823,5,,,1,70,,42826,5,,,1,30,,42821,5,,,1,70,,42825,5,,,1,30,,42824,5,,,1,70,,42822,5,,,1,30,,42820,5,,,1,69,,42818,5,,,1,30,,42817,5,,,1,70,,42816,5,,,1,30,,42819,5,,,1,70,,42812,5,,,1,30,,42813,5,,,1,70,,42815,5,,,1,30,,42814,5,,,1,70,,42810,5,,,1,30,,42811,5,,,1
204,'Sunday',703,,42847,5,,,1,33,,42850,5,,,1,73,,42852,5,,,1,33,,42849,5,,,1,74,,42853,5,,,1,33,,42851,5,,,1,73,,42854,5,,,1,33,,42855,5,,,1,73,,42856,5,,,1,73,,42857,5,,,1,33,,42859,5,,,1,73,,42860,5,,,1,33,,42861,5,,,1,73,,42858,5,,,1,33,,42863,5,,,1,73,,42864,5,,,1,33,,42865,5,,,1,73,,42862,5,,,1,33,,42877,5,,,1,73,,42874,5,,,1,73,,42873,5,,,1,33,,42872,5,,,1,72,,42876,5,,,1,33,,42875,5,,,1,73,,42870,5,,,1,33,,42869,5,,,1,73,,42871,5,,,1,33,,42866,5,,,1,73,,42868,5,,,1,73,,42867,5,,,1,33,,42848,5,,,1
204,'Weekday',443,,42932,5,,,1,62,,42931,5,,,1,22,,42930,5,,,1,16,,42928,5,,,1,69,,42927,5,,,1,22,,42926,5,,,1,18,,42922,5,,,1,60,,42933,5,,,1,19,,42925,5,,,1,26,,42920,5,,,1,68,,42924,5,,,1,20,,42929,5,,,1,60,,42923,5,,,1,22,,42918,5,,,1,22,,42921,5,,,1,65,,42919,5,,,1,21,,42917,5,,,1,20,,42916,5,,,1,58,,42915,5,,,1,27,,42914,5,,,1,64,,42911,5,,,1,22,,42910,5,,,1,16,,42913,5,,,1,17,,42912,5,,,1,69,,42909,5,,,1,27,,42908,5,,,1,60,,42907,5,,,1,15,,42906,5,,,1,19,,42905,5,,,1,68,,42904,5,,,1,24,,42900,5,,,1,62,,42899,5,,,1,17,,42903,5,,,1,24,,42902,5,,,1,67,,42901,5,,,1,25,,42898,5,,,1,23,,42894,5,,,1,61,,42897,5,,,1,24,,42896,5,,,1,66,,42895,5,,,1,26,,42893,5,,,1,20,,42892,5,,,1,62,,42891,5,,,1,23,,42890,5,,,1,18,,42889,5,,,1,59,,42885,5,,,1,23,,42888,5,,,1,60,,42887,5,,,1,22,,42886,5,,,1,34,,42884,5,,,1,71,,42883,5,,,1,72,,42882,5,,,1,28,,42881,5,,,1
703,'Saturday',611,,44199,59,,,1,16,,44191,59,,,1,17,,44195,59,,,1,56,,44200,59,,,1,19,,44194,59,,,1,14,,44201,59,,,1,16,,44224,59,,,1,55,,44202,59,,,1,15,,44225,59,,,1,16,,44203,59,,,1,17,,44226,59,,,1,57,,44205,59,,,1,17,,44256,59,,,1,17,,44206,59,,,1,16,,44227,59,,,1,57,,44207,59,,,1,17,,44228,59,,,1,15,,44204,59,,,1,57,,44229,59,,,1,18,,44208,59,,,1,16,,44230,59,,,1,16,,44209,59,,,1,58,,44231,59,,,1,18,,44210,59,,,1,17,,44232,59,,,1,56,,44211,59,,,1,15,,44233,59,,,1,17,,44212,59,,,1,15,,44234,59,,,1,55,,44213,59,,,1,14,,44235,59,,,1,16,,44214,59,,,1,16,,44236,59,,,1,56,,44215,59,,,1,15,,44237,59,,,1,17,,44216,59,,,1,16,,44238,59,,,1,58,,44217,59,,,1,16,,44239,59,,,1,16,,44255,59,,,1,56,,44241,59,,,1,15,,44218,59,,,1,17,,44242,59,,,1,16,,44219,59,,,1,56,,44243,59,,,1,14,,44220,59,,,1,16,,44240,59,,,1,16,,44221,59,,,1,57,,44244,59,,,1,19,,44222,59,,,1,15,,44245,59,,,1,57,,44223,59,,,1,12,,44246,59,,,1,17,,44248,59,,,1,19,,44247,59,,,1,57,,44249,59,,,1,38,,44250,59,,,1,71,,44251,59,,,1,30,,44252,59,,,1,71,,44253,59,,,1,30,,44254,59,,,1,70,,44196,59,,,1,32,,44198,59,,,1
703,'Sunday',658,,44317,37,,,1,68,,44318,59,,,1,19,,44258,59,,,1,14,,44278,59,,,1,57,,44291,59,,,1,13,,44274,59,,,1,16,,44304,59,,,1,55,,44308,59,,,1,16,,44289,59,,,1,17,,44264,59,,,1,14,,44305,59,,,1,55,,44275,59,,,1,14,,44288,59,,,1,16,,44273,59,,,1,17,,44302,59,,,1,55,,44312,59,,,1,15,,44286,59,,,1,14,,44268,59,,,1,15,,44303,59,,,1,56,,44280,59,,,1,14,,44285,59,,,1,16,,44271,59,,,1,15,,44301,59,,,1,55,,44313,59,,,1,13,,44306,59,,,1,15,,44293,59,,,1,15,,44300,59,,,1,55,,44279,59,,,1,18,,44284,59,,,1,15,,44270,59,,,1,15,,44299,59,,,1,55,,44263,59,,,1,11,,44307,59,,,1,15,,44265,59,,,1,16,,44295,59,,,1,55,,44276,59,,,1,17,,44283,59,,,1,15,,44267,59,,,1,15,,44298,59,,,1,55,,44269,59,,,1,15,,44309,59,,,1,14,,44262,59,,,1,14,,44297,59,,,1,55,,44272,59,,,1,16,,44282,59,,,1,16,,44266,59,,,1,16,,44296,59,,,1,71,,44310,59,,,1,29,,44294,59,,,1,54,,44281,59,,,1,13,,44316,59,,,1,19,,44287,59,,,1,65,,44311,59,,,1,24,,44259,59,,,1,24,,44277,59,,,1,65,,44292,59,,,1,23,,44314,59,,,1,69,,44315,59,,,1,31,,44261,59,,,1
703,'Weekday',458,,44320,37,,,1,56,,44344,37,,,1,15,,44343,37,,,1,15,,44342,37,,,1,14,,44341,59,,,1,56,,44340,59,,,1,18,,44339,59,,,1,21,,44405,59,,,1,57,,44406,59,,,1,17,,44407,59,,,1,15,,44408,59,,,1,17,,44410,59,,,1,55,,44411,59,,,1,16,,44412,59,,,1,17,,44409,59,,,1,56,,44414,59,,,1,17,,44415,59,,,1,16,,44416,59,,,1,17,,44413,59,,,1,56,,44417,59,,,1,17,,44418,59,,,1,16,,44419,59,,,1,14,,44420,59,,,1,57,,44421,59,,,1,16,,44422,59,,,1,15,,44423,59,,,1,56,,44424,59,,,1,14,,44425,59,,,1,18,,44426,59,,,1,16,,44427,59,,,1,55,,44428,59,,,1,16,,44429,59,,,1,16,,44430,59,,,1,19,,44431,59,,,1,57,,44432,59,,,1,18,,44433,59,,,1,17,,44434,59,,,1,55,,44435,59,,,1,5,,44438,59,,,1,12,,44436,59,,,1,13,,44437,59,,,1,20,,44439,59,,,1,59,,44440,59,,,1,20,,44441,59,,,1,18,,44442,59,,,1,59,,44445,59,,,1,8,,44446,59,,,1,12,,44443,59,,,1,32,,44447,59,,,1,58,,44444,59,,,1,18,,44350,59,,,1,16,,44348,59,,,1,56,,44353,59,,,1,28,,44355,59,,,1,17,,44354,59,,,1,7,,44349,59,,,1,65,,44352,59,,,1,10,,44351,59,,,1,8,,44334,59,,,1,17,,44335,59,,,1,63,,44332,59,,,1,16,,44328,59,,,1,15,,44329,59,,,1,57,,44338,59,,,1,30,,44327,59,,,1,60,,44333,59,,,1,14,,44326,59,,,1,30,,44337,59,,,1,63,,44324,59,,,1,20,,44330,59,,,1,80,,44336,59,,,1,29,,44322,59,,,1
2302,'Saturday',612,,47420,71,,,1,30,,47422,71,,,1,70,,47442,71,,,1,32,,47441,71,,,1,80,,47445,71,,,1,32,,47444,71,,,1,66,,47448,71,,,1,28,,47449,71,,,1,64,,47446,71,,,1,28,,47447,71,,,1,69,,47450,71,,,1,28,,47453,71,,,1,68,,47454,71,,,1,27,,47451,71,,,1,70,,47452,71,,,1,28,,47443,71,,,1,68,,47432,71,,,1,29,,47435,71,,,1,26,,47436,71,,,1,68,,47437,71,,,1,30,,47434,71,,,1,70,,47433,71,,,1,30,,47439,71,,,1,70,,47440,71,,,1,28,,47438,71,,,1,68,,47424,71,,,1,27,,47425,71,,,1,68,,47421,71,,,1,30,,47431,71,,,1,72,,47423,71,,,1,30,,47427,71,,,1,70,,47429,71,,,1,29,,47426,71,,,1,68,,47428,71,,,1,29,,47430,71,,,1,70,,47458,71,,,1,30,,47457,71,,,1,70,,47456,71,,,1,30,,47455,71,,,1
2302,'Sunday',822,,47485,71,,,1,29,,47459,71,,,1,66,,47462,71,,,1,25,,47463,71,,,1,69,,47464,71,,,1,28,,47461,71,,,1,68,,47465,71,,,1,28,,47466,71,,,1,71,,47460,71,,,1,25,,47468,71,,,1,70,,47470,71,,,1,28,,47467,71,,,1,25,,47471,71,,,1,68,,47469,71,,,1,31,,47473,71,,,1,69,,47474,71,,,1,28,,47475,71,,,1,69,,47472,71,,,1,28,,47476,71,,,1,70,,47490,71,,,1,30,,47480,71,,,1,71,,47481,71,,,1,26,,47478,71,,,1,67,,47477,71,,,1,28,,47482,71,,,1,69,,47483,71,,,1,25,,47484,71,,,1,68,,47479,71,,,1,25,,47488,71,,,1,28,,47489,71,,,1,68,,47486,71,,,1,27,,47487,71,,,1
2302,'Weekday',530,,47491,71,,,1,16,,47501,71,,,1,57,,47502,71,,,1,13,,47500,71,,,1,16,,47504,71,,,1,16,,47506,71,,,1,55,,47507,71,,,1,15,,47508,71,,,1,15,,47505,71,,,1,15,,47509,71,,,1,55,,47503,71,,,1,15,,47510,71,,,1,16,,47511,71,,,1,20,,47512,71,,,1,57,,47513,71,,,1,17,,47498,71,,,1,19,,47494,71,,,1,65,,47496,71,,,1,29,,47514,71,,,1,71,,47515,71,,,1,31,,47516,71,,,1,70,,47517,71,,,1,30,,47518,71,,,1,69,,47519,71,,,1,32,,47520,71,,,1,71,,47521,71,,,1,30,,47497,71,,,1,63,,47545,71,,,1,20,,47542,71,,,1,21,,47544,71,,,1,55,,47541,71,,,1,16,,47543,71,,,1,17,,47540,71,,,1,17,,47522,71,,,1,54,,47523,71,,,1,15,,47524,71,,,1,13,,47525,71,,,1,15,,47526,71,,,1,55,,47527,71,,,1,15,,47528,71,,,1,15,,47529,71,,,1,15,,47530,71,,,1,55,,47531,71,,,1,14,,47492,71,,,1,15,,47499,71,,,1,13,,47495,71,,,1,55,,47493,71,,,1,34,,47533,71,,,1,73,,47534,71,,,1,33,,47535,71,,,1,67,,47532,71,,,1,35,,47536,71,,,1,74,,47537,71,,,1,34,,47538,71,,,1,74,,47539,71,,,1
2802,'Saturday',534,,48100,5,0,5,1,25,,48115,5,,,1,65,,48101,5,0,5,1,25,,48116,5,,,1,65,,48098,5,0,5,1,25,,48119,5,,,1,65,,48099,5,0,5,1,25,,48120,5,,,1,25,,48102,5,0,5,1,65,,48121,5,,,1,25,,48104,5,0,5,1,65,,48117,5,,,1,25,,48105,5,0,5,1,25,,48118,5,,,1,65,,48106,5,0,5,1,25,,48122,5,,,1,65,,48103,5,0,5,1,25,,48124,5,,,1,65,,48107,5,0,5,1,25,,48125,5,,,1,25,,48108,5,0,5,1,65,,48126,5,,,1,25,,48109,5,0,5,1,65,,48123,5,,,1,25,,48111,5,0,5,1,25,,48127,5,,,1,65,,48112,5,0,5,1,25,,48128,5,,,1,65,,48113,5,0,5,1,25,,48129,5,,,1,65,,48110,5,0,5,1,25,,48130,5,,,1,25,,48114,5,0,5,1
2802,'Sunday',534,,48145,5,0,5,1,25,,48135,5,,,1,65,,48132,5,0,5,1,25,,48141,5,,,1,65,,48137,5,0,5,1,25,,48131,5,,,1,65,,48144,5,0,5,1,25,,48134,5,,,1,25,,48133,5,0,5,1,65,,48139,5,,,1,25,,48138,5,0,5,1,65,,48136,5,,,1,25,,48143,5,0,5,1,25,,48140,5,,,1,65,,48147,5,0,5,1,25,,48142,5,,,1,65,,48148,5,0,5,1,25,,48146,5,,,1,65,,48150,5,0,5,1,25,,48149,5,,,1,25,,48151,5,0,5,1,65,,48152,5,,,1,25,,48153,5,0,5,1,65,,48155,5,,,1,25,,48154,5,0,5,1,25,,48156,5,,,1,65,,48157,5,0,5,1,25,,48158,5,,,1,65,,48159,5,0,5,1,25,,48160,5,,,1,65,,48161,5,0,5,1,25,,48162,5,,,1,25,,48163,5,0,5,1
2802,'Weekday',512,,48204,5,,,1,18,,48164,5,0,5,1,14,,48185,5,,,1,62,,48165,5,0,5,1,28,,48186,5,,,1,22,,48166,5,0,5,1,58,,48187,5,,,1,19,,48167,5,0,5,1,23,,48184,5,,,1,60,,48168,5,0,5,1,20,,48188,5,,,1,20,,48169,5,0,5,1,60,,48189,5,,,1,20,,48170,5,0,5,1,23,,48190,5,,,1,57,,48171,5,0,5,1,20,,48191,5,,,1,19,,48172,5,0,5,1,61,,48192,5,,,1,20,,48174,5,0,5,1,19,,48193,5,,,1,61,,48175,5,0,5,1,20,,48194,5,,,1,19,,48176,5,0,5,1,61,,48195,5,,,1,20,,48177,5,0,5,1,20,,48196,5,,,1,60,,48178,5,0,5,1,20,,48197,5,,,1,20,,48173,5,0,5,1,60,,48198,5,,,1,20,,48179,5,0,5,1,20,,48199,5,,,1,60,,48180,5,0,5,1,19,,48200,5,,,1,21,,48181,5,0,5,1,60,,48201,5,,,1,19,,48182,5,0,5,1,21,,48202,5,,,1,60,,48183,5,0,5,1,20,,48203,5,,,1
