1101,'Holiday1',535,2,30110,19,,,1,20,,30106,1,0,5,1,60,2,30108,19,,,1,20,,30105,1,0,5,1,20,2,30107,19,,,1,60,,30109,1,0,5,1,20,2,30104,19,,,1,20,,30112,1,0,5,1,60,2,30111,19,,,1,20,,30114,1,0,5,1,20,2,30113,19,,,1,60,,30115,1,0,5,1,20,2,30116,19,,,1,20,,30118,1,0,5,1,60,2,30117,19,,,1,20,,30122,1,0,5,1,20,2,30120,19,,,1,60,,30121,1,0,5,1,20,2,30119,19,,,1,20,,30123,1,0,5,1,60,2,30124,19,,,1,20,,30126,1,0,5,1,20,2,30125,19,,,1,60,,30129,1,0,5,1,20,2,30127,19,,,1,20,,30132,1,0,5,1,60,2,30128,19,,,1,20,,30131,1,0,5,1,20,2,30130,19,,,1,62,,30135,1,0,5,1,24,2,30133,19,,,1,18,,30134,1,0,5,1,64,2,30137,19,,,1,18,,30136,1,0,5,1,63,2,30138,19,,,1,19,,30141,1,0,5,1,22,2,30142,19,,,1,58,,30143,1,0,5,1,20,2,30140,19,,,1,19,,30147,1,0,5,1,62,2,30139,19,,,1,24,,30146,1,0,5,1,22,2,30144,19,,,1,68,,30148,1,0,5,1,18,2,30145,19,,,1,64,,30152,1,0,5,1,20,2,30153,19,,,1,26,,30154,1,0,5,1,59,2,30150,19,,,1,27,,30151,1,0,5,1,21,2,30149,19,,,1,65,,30155,1,0,5,1,21,2,30156,19,,,1,80,2,30157,19,,,1
1101,'Saturday',450,2,30158,19,,,1,60,,30164,1,0,5,1,22,2,30161,19,,,1,18,,30165,1,0,5,1,62,2,30162,19,,,1,18,,30166,1,0,5,1,23,2,30160,19,,,1,57,,30167,1,0,5,1,25,2,30159,19,,,1,19,,30168,1,0,5,1,61,2,30163,19,,,1,19,,30169,1,0,5,1,23,2,30170,19,,,1,61,,30171,1,0,5,1,27,2,30172,19,,,1,62,,30180,1,0,5,1,20,2,30174,19,,,1,22,,30181,1,0,5,1,60,2,30175,19,,,1,30,,30182,1,0,5,1,12,2,30173,19,,,1,62,,30183,1,0,5,1,20,2,30177,19,,,1,22,,30184,1,0,5,1,60,2,30178,19,,,1,22,,30185,1,0,5,1,20,2,30176,19,,,1,62,,30187,1,0,5,1,20,2,30179,19,,,1,64,,30188,1,0,5,1,22,2,30193,19,,,1,22,,30189,1,0,5,1,62,2,30194,19,,,1,22,,30186,1,0,5,1,24,2,30196,19,,,1,60,,30190,1,0,5,1,22,2,30197,19,,,1,22,,30191,1,0,5,1,62,2,30195,19,,,1,22,,30192,1,0,5,1,62,2,30198,19,,,1,23,,30199,1,0,5,1,23,2,30202,19,,,1,60,,30200,1,0,5,1,24,2,30203,19,,,1,65,,30201,1,0,5,1,23,2,30204,19,,,1,27,,30207,1,0,5,1,67,2,30206,19,,,1,29,,30208,1,0,5,1,65,2,30209,19,,,1,29,,30205,1,0,5,1,76,2,30210,19,,,1
1101,'Sunday',535,2,30217,19,,,1,20,,30215,1,0,5,1,60,2,30214,19,,,1,20,,30212,1,0,5,1,20,2,30213,19,,,1,60,,30216,1,0,5,1,20,2,30211,19,,,1,20,,30219,1,0,5,1,60,2,30218,19,,,1,20,,30221,1,0,5,1,20,2,30220,19,,,1,60,,30222,1,0,5,1,20,2,30223,19,,,1,20,,30225,1,0,5,1,60,2,30224,19,,,1,20,,30229,1,0,5,1,20,2,30227,19,,,1,60,,30228,1,0,5,1,20,2,30226,19,,,1,20,,30231,1,0,5,1,60,2,30230,19,,,1,20,,30233,1,0,5,1,20,2,30232,19,,,1,60,,30236,1,0,5,1,20,2,30234,19,,,1,20,,30239,1,0,5,1,60,2,30235,19,,,1,20,,30238,1,0,5,1,20,2,30237,19,,,1,62,,30242,1,0,5,1,24,2,30240,19,,,1,18,,30241,1,0,5,1,64,2,30244,19,,,1,18,,30243,1,0,5,1,63,2,30245,19,,,1,19,,30248,1,0,5,1,22,2,30249,19,,,1,58,,30250,1,0,5,1,20,2,30247,19,,,1,19,,30254,1,0,5,1,62,2,30246,19,,,1,24,,30253,1,0,5,1,22,2,30251,19,,,1,68,,30255,1,0,5,1,18,2,30252,19,,,1,64,,30259,1,0,5,1,20,2,30260,19,,,1,26,,30261,1,0,5,1,59,2,30257,19,,,1,27,,30258,1,0,5,1,21,2,30256,19,,,1,65,,30262,1,0,5,1,21,2,30263,19,,,1,80,2,30264,19,,,1
1101,'Weekday',424,,30344,1,0,5,1,17,2,30335,19,,,1,17,,30343,1,0,5,1,57,2,30336,19,,,1,17,,30333,1,0,5,1,17,2,30334,19,,,1,54,,30331,1,0,5,1,20,2,30332,19,,,1,14,,30342,1,0,5,1,14,2,30341,19,,,1,54,,30339,1,0,5,1,14,2,30338,19,,,1,14,,30340,1,0,5,1,14,2,30337,19,,,1,54,42,30347,19,,,1,14,2,30318,19,,,1,12,,30319,1,0,5,1,16,2,30316,19,,,1,14,,30320,1,0,5,1,57,2,30317,19,,,1,11,,30329,1,0,5,1,15,2,30330,19,,,1,16,,30300,1,0,5,1,58,2,30321,19,,,1,16,,30302,1,0,5,1,17,2,30322,19,,,1,57,,30326,1,0,5,1,15,2,30307,19,,,1,19,,30328,1,0,5,1,20,2,30309,19,,,1,61,,30314,1,0,5,1,16,2,30295,19,,,1,16,,30301,1,0,5,1,54,2,30296,19,,,1,13,,30294,21,4,,1,5,,30303,1,0,5,1,16,2,30324,19,,,1,18,,30313,1,0,5,1,57,2,30327,19,,,1,14,,30312,1,0,5,1,14,2,30289,19,,,1,14,,30291,1,0,5,1,58,2,30290,19,,,1,15,,30286,1,0,5,1,16,2,30345,19,,,1,14,,30287,1,0,5,1,59,2,30304,21,0,9 11,1,9,,30315,1,0,5,1,14,2,30348,21,0,9 11,1,14,,30311,1,0,5,1,54,2,30305,19,,,1,14,,30288,1,0,5,1,14,2,30280,19,,,1,14,,30306,1,0,5,1,54,2,30325,19,,,1,13,,30279,1,0,5,1,15,2,30278,19,,,1,11,,30277,1,0,5,1,14,2,30299,19,,,1,53,,30281,1,0,5,1,11,2,30310,19,,,1,14,,30298,1,0,5,1,14,2,30308,19,,,1,56,,30270,1,0,5,1,14,2,30271,19,,,1,18,,30297,1,0,5,1,17,2,30269,19,,,1,53,,30323,1,0,5,1,21,2,30274,19,,,1,23,2,30285,21,0,9 11,1,61,2,30283,19,,,1,16,,30267,1,0,5,1,21,2,30272,19,,,1,62,,30292,1,0,5,1,26,2,30276,19,,,1,15,,30284,1,0,5,1,55,,30266,18,4,,1,3,,30346,1,,,1,18,2,30282,19,,,1,14,,30265,18,4,,1,4,,30273,1,0,5,1,55,2,30268,19,,,1,17,,30275,1,0,5,1,18,2,30293,19,,,1
1101,'Holiday11111111',535,2,40511,19,,,1,20,,40509,1,0,5,1,60,2,40508,19,,,1,20,,40506,1,0,5,1,20,2,40507,19,,,1,60,,40510,1,0,5,1,20,2,40505,19,,,1,20,,40513,1,0,5,1,60,2,40512,19,,,1,20,,40515,1,0,5,1,20,2,40514,19,,,1,60,,40516,1,0,5,1,20,2,40517,19,,,1,20,,40519,1,0,5,1,60,2,40518,19,,,1,20,,40523,1,0,5,1,20,2,40521,19,,,1,60,,40522,1,0,5,1,20,2,40520,19,,,1,20,,40525,1,0,5,1,60,2,40524,19,,,1,20,,40527,1,0,5,1,20,2,40526,19,,,1,60,,40530,1,0,5,1,20,2,40528,19,,,1,20,,40533,1,0,5,1,60,2,40529,19,,,1,20,,40532,1,0,5,1,20,2,40531,19,,,1,62,,40536,1,0,5,1,24,2,40534,19,,,1,18,,40535,1,0,5,1,64,2,40538,19,,,1,18,,40537,1,0,5,1,63,2,40539,19,,,1,19,,40542,1,0,5,1,22,2,40543,19,,,1,58,,40544,1,0,5,1,20,2,40541,19,,,1,19,,40548,1,0,5,1,62,2,40540,19,,,1,24,,40547,1,0,5,1,22,2,40545,19,,,1,68,,40549,1,0,5,1,18,2,40546,19,,,1,64,,40553,1,0,5,1,20,2,40554,19,,,1,26,,40555,1,0,5,1,59,2,40551,19,,,1,27,,40552,1,0,5,1,21,2,40550,19,,,1,65,,40556,1,0,5,1,21,2,40557,19,,,1,80,2,40558,19,,,1
1102,'Holiday1',728,,30349,32,4,,1,80,,30351,32,4,,1,40,,30354,32,4,,1,81,,30356,32,4,,1,81,,30358,32,4,,1,40,,30360,32,4,,1,80,,30363,32,4,,1,81,,30364,32,4,,1,40,,30366,32,4,,1,81,,30368,32,4,,1,81,,30370,32,4,,1,40,,30374,32,4,,1,80,,30372,32,4,,1,82,,30379,32,4,,1,42,,30378,32,4,,1,82,,30382,32,4,,1,81,,30381,32,4,,1,82,,30384,32,4,,1,54,,30387,32,4,,1,86,,30386,32,4,,1,84,,30393,32,4,,1,84,,30394,32,4,,1,46,,30395,32,4,,1,86,,30392,32,4,,1,91,,30397,32,4,,1
1102,'Saturday',609,,30409,32,4,,1,42,,30401,32,4,,1,83,,30402,32,4,,1,81,,30407,32,4,,1,40,,30400,32,4,,1,80,,30411,32,4,,1,82,,30421,32,4,,1,42,,30419,32,4,,1,82,,30422,32,4,,1,84,,30420,32,4,,1,89,,30423,32,4,,1,35,,30424,32,4,,1,83,,30425,32,4,,1,83,,30426,32,4,,1,44,,30427,32,4,,1,84,,30428,32,4,,1,83,,30430,32,4,,1,84,,30431,32,4,,1,44,,30432,32,4,,1,83,,30429,32,4,,1,87,,30442,32,4,,1,85,,30443,32,4,,1,91,,30444,32,4,,1,45,,30445,32,4,,1,92,,30446,32,4,,1,102,,30447,32,4,,1,101,,30448,32,4,,1
1102,'Sunday',728,,30453,32,4,,1,80,,30455,32,4,,1,40,,30458,32,4,,1,81,,30460,32,4,,1,81,,30462,32,4,,1,40,,30464,32,4,,1,80,,30467,32,4,,1,81,,30468,32,4,,1,40,,30470,32,4,,1,81,,30472,32,4,,1,81,,30475,32,4,,1,40,,30478,32,4,,1,80,,30476,32,4,,1,82,,30483,32,4,,1,42,,30482,32,4,,1,82,,30486,32,4,,1,81,,30485,32,4,,1,82,,30488,32,4,,1,54,,30491,32,4,,1,86,,30490,32,4,,1,84,,30496,32,4,,1,84,,30497,32,4,,1,46,,30498,32,4,,1,86,,30499,32,4,,1,91,,30501,32,4,,1
1102,'Weekday',702,,30576,32,4,,1,47,,30582,32,4,,1,65,,30581,32,4,,1,28,,30577,32,4,,1,68,,30565,32,4,,1,28,,30566,32,4,,1,73,,30554,32,4,,1,32,,30569,32,4,,1,74,,30562,32,4,,1,34,,30557,32,4,,1,64,,30558,32,4,,1,31,,30547,32,4,,1,71,,30549,32,4,,1,31,,30560,32,4,,1,74,,30559,32,4,,1,29,,30548,32,4,,1,71,,30527,32,4,,1,28,,30526,32,4,,1,68,,30553,32,4,,1,28,,30522,32,4,,1,64,,30523,32,4,,1,33,,30541,32,4,,1,69,,30514,32,4,,1,26,,30552,32,4,,1,68,,30517,32,4,,1,24,,30537,32,4,,1,26,,30507,32,4,,1,67,,30538,32,4,,1,79,,30550,32,4,,1,113,,30503,32,4,,1,43,,30530,32,4,,1,83,,30518,32,4,,1,72,,30508,32,4,,1,93,,30509,32,4,,1,30,,30587,32,4,,1,21,,30519,32,4,,1
1102,'Holiday11111111',728,,40559,32,4,,1,80,,40561,32,4,,1,40,,40564,32,4,,1,81,,40566,32,4,,1,81,,40568,32,4,,1,40,,40570,32,4,,1,80,,40573,32,4,,1,81,,40574,32,4,,1,40,,40576,32,4,,1,81,,40578,32,4,,1,81,,40581,32,4,,1,40,,40584,32,4,,1,80,,40582,32,4,,1,82,,40589,32,4,,1,42,,40588,32,4,,1,82,,40592,32,4,,1,81,,40591,32,4,,1,82,,40594,32,4,,1,54,,40597,32,4,,1,86,,40596,32,4,,1,84,,40602,32,4,,1,84,,40603,32,4,,1,46,,40604,32,4,,1,86,,40605,32,4,,1,91,,40607,32,4,,1
