101,'Saturday',544,,42291,4,,,1,61,,42290,4,,,1,18,,42293,4,,,1,18,,42289,30,,,1,60,,42300,30,,,1,20,,42299,30,,,1,20,,42301,30,,,1,61,,42302,30,,,1,20,,42303,30,,,1,20,,42304,30,,,1,60,,42305,30,,,1,20,,42306,30,,,1,20,,42307,30,,,1,60,,42308,30,,,1,19,,42309,30,,,1,22,,42310,30,,,1,60,,42311,30,,,1,20,,42312,30,,,1,20,,42313,30,,,1,60,,42314,30,,,1,19,,42315,30,,,1,20,,42316,30,,,1,58,,42317,30,,,1,24,,42318,30,,,1,20,,42320,30,,,1,61,,42321,30,,,1,21,,42322,30,,,1,23,,42319,30,,,1,60,,42323,30,,,1,20,,42324,30,,,1,20,,42325,30,,,1,60,,42326,30,,,1,20,,42327,30,,,1,22,,42328,30,,,1,60,,42329,30,,,1,19,,42330,30,,,1,22,,42331,30,,,1,59,,42332,30,,,1,18,,42333,30,,,1,20,,42334,30,,,1,60,,42298,30,,,1,17,,42297,30,,,1,28,,42337,30,,,1,71,,42338,30,,,1,31,,42339,30,,,1,69,,42341,30,,,1,33,,42342,30,,,1,70,,42343,30,,,1,27,,42340,30,,,1,69,,42344,30,,,1,30,,42335,30,,,1,69,,42336,30,,,1,32,,42294,30,,,1,82,,42296,30,,,1
101,'Sunday',549,,42348,30,,,1,170,,42345,30,,,1,20,,42357,30,,,1,20,,42358,30,,,1,60,,42359,30,,,1,20,,42360,30,,,1,20,,42362,30,,,1,60,,42363,30,,,1,20,,42364,30,,,1,20,,42361,30,,,1,60,,42366,30,,,1,20,,42367,30,,,1,20,,42365,30,,,1,61,,42370,30,,,1,20,,42371,30,,,1,60,,42369,30,,,1,20,,42368,30,,,1,20,,42372,30,,,1,60,,42373,30,,,1,21,,42374,30,,,1,20,,42375,30,,,1,60,,42377,30,,,1,20,,42378,30,,,1,20,,42379,30,,,1,60,,42376,30,,,1,20,,42380,30,,,1,20,,42384,30,,,1,60,,42385,30,,,1,20,,42381,30,,,1,21,,42382,30,,,1,60,,42386,30,,,1,20,,42383,30,,,1,20,,42387,30,,,1,60,,42388,30,,,1,18,,42389,30,,,1,20,,42390,30,,,1,60,,42391,30,,,1,20,,42393,30,,,1,20,,42394,30,,,1,60,,42395,30,,,1,20,,42392,30,,,1,19,,42396,30,,,1,20,,42397,30,,,1,65,,42398,30,,,1,20,,42399,30,,,1,60,,42400,30,,,1,20,,42355,30,,,1,19,,42352,30,,,1,60,,42353,30,,,1,19,,42349,30,,,1,15,,42354,30,,,1,20,,42356,30,,,1,63,,42351,30,,,1
101,'Weekday',352,,42410,4,,,1,62,,42408,4,,,1,20,,42405,4,,,1,18,,42404,4,,,1,70,,42403,30,,,1,19,,42407,30,,,1,64,,42406,30,,,1,10,,42402,25,0,5,1,13,,42418,30,,,1,9,,42421,25,0,5,1,13,,42419,30,,,1,54,,42422,25,0,5,1,11,,42420,30,,,1,15,,42423,25,0,5,1,12,,42413,30,,,1,58,,42416,30,,,1,15,,42424,25,0,5,1,12,,42412,30,,,1,13,,42425,25,0,5,1,13,,42417,30,,,1,53,,42426,25,0,5,1,12,,42414,30,,,1,14,,42415,25,0,5,1,16,,42438,25,0,5,1,54,,42427,30,,,1,10,,42439,25,0,5,1,19,,42428,30,,,1,22,,42441,25,0,5,1,59,,42429,30,,,1,13,,42442,25,0,5,1,14,,42430,30,,,1,12,,42440,25,0,5,1,53,,42431,30,,,1,21,,42444,25,0,5,1,9,,42432,30,,,1,67,,42445,25,0,5,1,22,,42433,34,0,7,1,11,,42443,25,0,5,1,8,,42434,30,,,1,68,,42447,25,0,5,1,14,,42435,30,,,1,11,,42448,29,0,5 7,1,15,,42436,30,,,1,54,,42449,25,0,5,1,19,,42437,34,0,7,1,15,,42446,30,,,1,15,,42465,25,0,5,1,51,,42450,30,,,1,15,,42466,25,0,5,1,19,,42467,25,0,5,1,9,,42451,30,,,1,56,,42468,25,0,5,1,17,,42452,30,,,1,12,,42469,25,0,5,1,12,,42453,30,,,1,14,,42470,25,0,5,1,52,,42454,30,,,1,19,,42455,30,,,1,9,,42471,25,0,5,1,12,,42456,30,,,1,50,,42472,25,0,5,1,12,,42457,30,,,1,8,,42473,25,0,5,1,9,,42458,30,,,1,18,,42459,30,,,1,67,,42460,30,,,1,21,,42461,30,,,1,65,,42462,30,,,1,20,,42463,30,,,1,22,,42464,30,,,1,64,,42474,30,,,1,37,,42476,30,,,1,67,,42475,30,,,1,42,,42479,30,,,1,74,,42480,30,,,1,33,,42477,30,,,1,72,,42478,30,,,1
2404,'Saturday',837,,47606,45,,,1,85,,47608,45,,,1,85,,47612,45,,,1,45,,47607,45,,,1,85,,47609,45,,,1,85,,47610,45,,,1,85,,47613,45,,,1,45,,47614,45,,,1,85,,47615,45,,,1,85,,47616,45,,,1,85,,47611,45,,,1,45,,47617,45,,,1,85,,47618,45,,,1,85,,47619,45,,,1,85,,47620,45,,,1
2404,'Sunday',837,,47622,45,,,1,85,,47621,45,,,1,85,,47623,45,,,1,45,,47624,45,,,1,85,,47625,45,,,1,85,,47627,45,,,1,85,,47628,45,,,1,45,,47626,45,,,1,85,,47631,45,,,1,85,,47632,45,,,1,85,,47629,45,,,1,45,,47630,45,,,1,85,,47634,45,,,1,85,,47635,45,,,1,85,,47633,45,,,1
2404,'Weekday',549,,47638,45,,,1,55,,47637,45,,,1,34,,47641,45,,,1,77,,47650,45,,,1,36,,47651,45,,,1,76,,47652,45,,,1,75,,47648,45,,,1,36,,47649,45,,,1,75,,47657,45,,,1,37,,47636,45,,,1,74,,47639,45,,,1,35,,47655,45,,,1,78,,47653,45,,,1,77,,47654,45,,,1,37,,47656,45,,,1,77,,47640,45,,,1,73,,47643,45,,,1,37,,47658,45,,,1,76,,47659,45,,,1,34,,47660,45,,,1,75,,47661,45,,,1,36,,47662,45,,,1,75,,47663,45,,,1,74,,47664,45,,,1,38,,47645,45,,,1,72,,47642,45,,,1,32,,47644,45,,,1,76,,47647,45,,,1,75,,47646,45,,,1
2504,'Weekday',630,,47684,41,,,1,70,,47686,41,,,1,37,,47692,41,,,1,78,,47691,41,,,1,38,,47689,41,,,1,72,,47690,41,,,1,75,,47694,41,,,1,36,,47693,41,,,1,484,,47685,41,,,1,36,,47695,41,,,1,76,,47696,41,,,1,78,,47697,41,,,1,36,,47698,41,,,1,76,,47699,41,,,1,36,,47700,41,,,1,75,,47701,41,,,1,74,,47688,41,,,1,34,,47687,41,,,1
50101,'Saturday',522,,51302,2,,,1,16,,51319,2,,,1,16,,51320,2,,,1,56,,51322,2,,,1,16,,51318,2,,,1,16,,51323,2,,,1,16,,51324,2,,,1,56,,51321,2,,,1,19,,51325,2,,,1,16,,51326,2,,,1,57,,51327,2,,,1,16,,51328,2,,,1,16,,51329,2,,,1,16,,51330,2,,,1,56,,51331,2,,,1,15,,51334,2,,,1,13,,51335,2,,,1,16,,51336,2,,,1,55,,51332,2,,,1,16,,51333,2,,,1,15,,51337,2,,,1,15,,51338,2,,,1,58,,51340,2,,,1,18,,51342,2,,,1,16,,51343,2,,,1,56,,51339,2,,,1,16,,51344,2,,,1,16,,51341,2,,,1,16,,51345,2,,,1,56,,51346,2,,,1,16,,51347,2,,,1,16,,51348,2,,,1,16,,51349,2,,,1,56,,51350,2,,,1,16,,51351,2,,,1,16,,51352,2,,,1,16,,51353,2,,,1,56,,51354,2,,,1,16,,51355,2,,,1,16,,51356,2,,,1,56,,51358,2,,,1,16,,51359,2,,,1,16,,51360,2,,,1,16,,51357,2,,,1,56,,51361,2,,,1,14,,51362,2,,,1,18,,51363,2,,,1,16,,51364,2,,,1,56,,51365,2,,,1,14,,51366,2,,,1,18,,51367,2,,,1,65,,51368,2,,,1,16,,51303,2,,,1,18,,51304,2,,,1,60,,51306,2,,,1,20,,51305,2,,,1,20,,51308,2,,,1,60,,51310,2,,,1,21,,51311,2,,,1,19,,51307,2,,,1,60,,51312,2,,,1,20,,51309,2,,,1,20,,51313,2,,,1,60,,51314,2,,,1,20,,51315,2,,,1,25,,51316,2,,,1,60,,51317,2,,,1
50101,'Sunday',702,,51381,2,,,1,18,,51380,2,,,1,18,,51378,2,,,1,18,,51373,2,,,1,58,,51372,2,,,1,18,,51371,2,,,1,18,,51369,2,,,1,59,,51384,2,,,1,18,,51383,2,,,1,18,,51377,2,,,1,58,,51370,2,,,1,18,,51375,2,,,1,18,,51374,2,,,1,18,,51376,2,,,1,58,,51379,2,,,1,18,,51385,2,,,1,18,,51382,2,,,1,58,,51386,2,,,1,18,,51387,2,,,1,18,,51388,2,,,1,58,,51389,2,,,1,18,,51390,2,,,1,18,,51392,2,,,1,18,,51393,2,,,1,58,,51391,2,,,1,18,,51395,2,,,1,18,,51394,2,,,1,58,,51398,2,,,1,18,,51396,2,,,1,18,,51397,2,,,1,58,,51401,2,,,1,18,,51399,2,,,1,19,,51402,2,,,1,17,,51400,2,,,1,58,,51403,2,,,1,18,,51404,2,,,1,18,,51405,2,,,1,58,,51406,2,,,1,18,,51408,2,,,1,18,,51407,2,,,1,58,,51409,2,,,1,18,,51410,2,,,1,18,,51411,2,,,1,18,,51412,2,,,1,57,,51413,2,,,1,18,,51414,2,,,1,19,,51416,2,,,1,58,,51415,2,,,1,17,,51417,2,,,1,18,,51418,2,,,1,60,,51420,2,,,1,20,,51419,2,,,1,20,,51421,2,,,1
50101,'Weekday',433,,51425,2,,,1,15,,51428,2,,,1,55,,51426,2,,,1,7,,51433,2,,,1,7,,51434,2,,,1,7,,51435,2,,,1,7,,51436,2,,,1,7,,51437,2,,,1,7,,51438,2,,,1,7,,51439,2,,,1,7,,51440,2,,,1,48,,51441,2,,,1,7,,51442,2,,,1,7,,51443,2,,,1,7,,51444,2,,,1,7,,51445,2,,,1,7,,51446,2,,,1,7,,51447,2,,,1,7,,51448,2,,,1,47,,51449,2,,,1,7,,51450,2,,,1,8,,51452,2,,,1,8,,51451,2,,,1,7,,51453,2,,,1,7,,51454,2,,,1,7,,51455,2,,,1,8,,51457,2,,,1,47,,51458,2,,,1,8,,51459,2,,,1,8,,51456,2,,,1,8,,51460,2,,,1,9,,51461,2,,,1,9,,51462,2,,,1,9,,51463,2,,,1,49,,51464,2,,,1,9,,51465,2,,,1,9,,51466,2,,,1,9,,51467,2,,,1,9,,51468,2,,,1,9,,51469,2,,,1,8,,51470,2,,,1,48,,51471,2,,,1,9,,51472,2,,,1,9,,51473,2,,,1,9,,51474,2,,,1,10,,51475,2,,,1,12,,51476,2,,,1,52,,51477,2,,,1,12,,51478,2,,,1,12,,51479,2,,,1,12,,51480,2,,,1,12,,51481,2,,,1,52,,51482,2,,,1,12,,51483,2,,,1,12,,51485,2,,,1,12,,51486,2,,,1,12,,51487,2,,,1,52,,51484,2,,,1,12,,51488,2,,,1,12,,51489,2,,,1,12,,51490,2,,,1,12,,51491,2,,,1,52,,51492,2,,,1,12,,51493,2,,,1,12,,51494,2,,,1,12,,51495,2,,,1,12,,51496,2,,,1,52,,51497,2,,,1,12,,51498,2,,,1,12,,51499,2,,,1,12,,51500,2,,,1,12,,51501,2,,,1,52,,51502,2,,,1,12,,51503,2,,,1,12,,51505,2,,,1,12,,51506,2,,,1,12,,51507,2,,,1,52,,51504,2,,,1,12,,51508,2,,,1,12,,51509,2,,,1,12,,51510,2,,,1,12,,51511,2,,,1,52,,51513,2,,,1,12,,51514,2,,,1,12,,51515,2,,,1,12,,51512,2,,,1,12,,51516,2,,,1,52,,51517,2,,,1,12,,51518,2,,,1,12,,51519,2,,,1,12,,51520,2,,,1,12,,51521,2,,,1,52,,51522,2,,,1,12,,51523,2,,,1,12,,51524,2,,,1,12,,51525,2,,,1,12,,51526,2,,,1,51,,51527,2,,,1,16,,51432,2,,,1,14,,51431,2,,,1,15,,51430,2,,,1,57,,51427,2,,,1,18,,51423,2,,,1,16,,51424,2,,,1,18,,51422,2,,,1,58,,51429,2,,,1
