1102,'Holiday1',631,,30352,4,,,1,20,,30349,4,0,5,1,60,,30350,4,,,1,20,,30351,4,0,5,1,20,,30353,4,,,1,60,,30354,4,0,5,1,20,,30355,4,,,1,20,,30356,4,0,5,1,60,,30357,4,,,1,20,,30358,4,0,5,1,20,,30359,4,,,1,60,,30360,4,0,5,1,20,,30361,4,,,1,20,,30363,4,0,5,1,60,,30362,4,,,1,20,,30364,4,0,5,1,20,,30365,4,,,1,60,,30366,4,0,5,1,20,,30367,4,,,1,20,,30368,4,0,5,1,60,,30369,4,,,1,20,,30370,4,0,5,1,20,,30371,4,,,1,60,,30374,4,0,5,1,20,,30373,4,,,1,20,,30372,4,0,5,1,61,,30377,4,,,1,21,,30379,4,0,5,1,21,,30376,4,,,1,61,,30378,4,0,5,1,21,,30375,4,,,1,21,,30382,4,0,5,1,61,,30380,4,,,1,21,,30381,4,0,5,1,64,,30383,4,,,1,20,,30384,4,0,5,1,34,,30388,4,,,1,60,,30387,4,0,5,1,21,,30385,4,,,1,65,,30386,4,0,5,1,26,,30389,4,,,1,20,,30393,4,0,5,1,65,,30390,4,,,1,20,,30394,4,0,5,1,66,,30391,4,,,1,20,,30395,4,0,5,1,26,,30396,4,,,1,60,,30392,4,0,5,1,26,,30398,4,,,1,25,,30397,4,0,5,1
1102,'Saturday',519,,30399,4,,,1,21,,30409,4,0,5,1,19,,30403,4,,,1,61,,30401,4,0,5,1,17,,30404,4,,,1,63,,30402,4,0,5,1,18,,30405,4,,,1,20,,30407,4,0,5,1,20,,30406,4,,,1,60,,30400,4,0,5,1,20,,30410,4,,,1,20,,30411,4,0,5,1,61,,30412,4,,,1,21,,30421,4,0,5,1,61,,30408,4,,,1,21,,30419,4,0,5,1,21,,30413,4,,,1,61,,30422,4,0,5,1,21,,30414,4,,,1,21,,30420,4,0,5,1,61,,30415,4,,,1,28,,30423,4,0,5,1,14,,30416,4,,,1,61,,30424,4,0,5,1,21,,30417,4,,,1,21,,30425,4,0,5,1,61,,30418,4,,,1,22,,30426,4,0,5,1,24,,30435,4,,,1,60,,30427,4,0,5,1,24,,30433,4,,,1,60,,30428,4,0,5,1,24,,30436,4,,,1,20,,30430,4,0,5,1,64,,30437,4,,,1,20,,30431,4,0,5,1,24,,30434,4,,,1,60,,30432,4,0,5,1,24,,30438,4,,,1,20,,30429,4,0,5,1,66,,30439,4,,,1,23,,30442,4,0,5,1,63,,30440,4,,,1,23,,30443,4,0,5,1,68,,30441,4,,,1,23,,30444,4,0,5,1,24,,30449,4,,,1,61,,30445,4,0,5,1,30,,30450,4,,,1,63,,30446,4,0,5,1,35,,30451,4,,,1,67,,30447,4,0,5,1,27,,30452,4,,,1,74,,30448,4,0,5,1
1102,'Sunday',631,,30456,4,,,1,20,,30453,4,0,5,1,60,,30454,4,,,1,20,,30455,4,0,5,1,20,,30457,4,,,1,60,,30458,4,0,5,1,20,,30459,4,,,1,20,,30460,4,0,5,1,60,,30461,4,,,1,20,,30462,4,0,5,1,20,,30463,4,,,1,60,,30464,4,0,5,1,20,,30465,4,,,1,20,,30467,4,0,5,1,60,,30466,4,,,1,20,,30468,4,0,5,1,20,,30469,4,,,1,60,,30470,4,0,5,1,20,,30471,4,,,1,20,,30472,4,0,5,1,60,,30473,4,,,1,20,,30475,4,0,5,1,20,,30474,4,,,1,60,,30478,4,0,5,1,20,,30477,4,,,1,20,,30476,4,0,5,1,61,,30481,4,,,1,21,,30483,4,0,5,1,21,,30480,4,,,1,61,,30482,4,0,5,1,21,,30479,4,,,1,21,,30486,4,0,5,1,61,,30484,4,,,1,21,,30485,4,0,5,1,64,,30487,4,,,1,20,,30488,4,0,5,1,34,,30492,4,,,1,60,,30491,4,0,5,1,21,,30489,4,,,1,65,,30490,4,0,5,1,26,,30493,4,,,1,20,,30496,4,0,5,1,65,,30494,4,,,1,20,,30497,4,0,5,1,66,,30495,4,,,1,20,,30498,4,0,5,1,26,,30500,4,,,1,60,,30499,4,0,5,1,26,,30502,4,,,1,25,,30501,4,0,5,1
1102,'Weekday',514,,30575,4,,,1,18,,30573,4,,,1,14,,30574,4,,,1,59,,30579,4,,,1,14,,30576,4,0,5,1,14,,30580,4,,,1,21,,30584,4,,,1,52,,30582,4,0,5,1,12,,30578,4,,,1,13,,30581,4,0,5,1,12,,30583,4,,,1,58,,30577,4,0,5,1,12,,30567,4,,,1,16,,30565,4,0,5,1,12,,30555,4,,,1,16,,30566,4,0,5,1,52,,30556,4,,,1,21,,30554,4,0,5,1,13,,30545,4,,,1,59,,30569,4,0,5,1,18,,30544,4,,,1,16,,30562,4,0,5,1,15,,30546,4,,,1,59,,30557,4,0,5,1,15,,30535,4,,,1,9,,30558,4,0,5,1,16,,30564,4,,,1,55,,30547,4,0,5,1,14,,30568,4,,,1,13,,30549,4,0,5,1,14,,30534,4,,,1,56,,30560,4,0,5,1,17,,30543,4,,,1,14,,30559,4,0,5,1,14,,30533,4,,,1,53,,30548,4,0,5,1,15,,30542,4,,,1,16,,30527,4,0,5,1,14,,30524,4,,,1,14,,30526,4,0,5,1,52,,30563,4,,,1,16,,30553,4,0,5,1,12,,30525,4,,,1,16,,30522,4,0,5,1,52,,30540,4,,,1,14,,30523,4,0,5,1,16,,30512,4,,,1,16,,30541,4,0,5,1,55,,30561,4,,,1,18,,30514,4,0,5,1,15,,30551,4,,,1,14,,30552,4,0,5,1,52,,30513,4,,,1,16,,30517,4,0,5,1,12,,30506,4,,,1,13,,30537,4,0,5,1,53,,30510,4,,,1,14,,30507,4,0,5,1,11,,30529,4,,,1,19,,30538,4,0,5,1,12,,30516,4,,,1,54,,30515,4,,,1,13,,30550,4,0,5,1,21,,30539,4,,,1,69,,30505,4,,,1,24,,30503,4,0,5,1,21,,30511,4,,,1,63,,30530,4,0,5,1,25,,30521,4,,,1,58,,30518,4,0,5,1,13,,30504,4,,,1,19,,30508,4,0,5,1,22,,30531,4,,,1,71,,30509,4,0,5,1,18,,30520,4,,,1,52,,30587,4,0,5,1,21,,30519,4,0,5,1
1102,'Holiday11111111',631,,40562,4,,,1,20,,40559,4,0,5,1,60,,40560,4,,,1,20,,40561,4,0,5,1,20,,40563,4,,,1,60,,40564,4,0,5,1,20,,40565,4,,,1,20,,40566,4,0,5,1,60,,40567,4,,,1,20,,40568,4,0,5,1,20,,40569,4,,,1,60,,40570,4,0,5,1,20,,40571,4,,,1,20,,40573,4,0,5,1,60,,40572,4,,,1,20,,40574,4,0,5,1,20,,40575,4,,,1,60,,40576,4,0,5,1,20,,40577,4,,,1,20,,40578,4,0,5,1,60,,40579,4,,,1,20,,40581,4,0,5,1,20,,40580,4,,,1,60,,40584,4,0,5,1,20,,40583,4,,,1,20,,40582,4,0,5,1,61,,40587,4,,,1,21,,40589,4,0,5,1,21,,40586,4,,,1,61,,40588,4,0,5,1,21,,40585,4,,,1,21,,40592,4,0,5,1,61,,40590,4,,,1,21,,40591,4,0,5,1,64,,40593,4,,,1,20,,40594,4,0,5,1,34,,40598,4,,,1,60,,40597,4,0,5,1,21,,40595,4,,,1,65,,40596,4,0,5,1,26,,40599,4,,,1,20,,40602,4,0,5,1,65,,40600,4,,,1,20,,40603,4,0,5,1,66,,40601,4,,,1,20,,40604,4,0,5,1,26,,40606,4,,,1,60,,40605,4,0,5,1,26,,40608,4,,,1,25,,40607,4,0,5,1
5003,'Holiday1',748,,35308,11,,,1,65,,35307,11,,,1,10,,35319,2,0,5,1,20,,35315,11,,,1,15,,35326,2,0,5,1,55,,35288,11,,,1,30,,35311,11,,,1,10,,35329,2,0,5,1,61,,35290,11,,,1,12,,35330,2,0,5,1,24,,35291,11,,,1,64,,35292,11,,,1,9,,35332,2,0,5,1,24,,35289,11,,,1,55,,35328,2,0,5,1,21,,35313,11,,,1,21,,35293,11,,,1,9,,35333,2,0,5,1,61,,35294,11,,,1,20,,35331,2,0,5,1,20,,35287,11,,,1,60,,35310,11,,,1,9,,35334,2,0,5,1,21,,35296,11,,,1,60,,35325,2,0,5,1,14,,35299,11,,,1,26,,35295,11,,,1,9,,35324,2,0,5,1,61,,35314,11,,,1,17,,35320,2,0,5,1,21,,35300,11,,,1,62,,35297,11,,,1,9,,35323,2,0,5,1,21,,35312,11,,,1,59,,35318,2,0,5,1,16,,35302,11,,,1,24,,35303,11,,,1,10,,35322,2,0,5,1,61,,35301,11,,,1,24,,35321,2,0,5,1,65,,35304,11,,,1,20,,35327,2,0,5,1,22,,35298,11,,,1,62,,35337,2,0,5,1,17,,35305,11,,,1,30,,35306,11,,,1,46,,35335,2,0,5,1,32,,35309,11,,,1,11,,35338,2,0,5,1,73,,35316,11,,,1,7,,35336,2,0,5,1
5003,'Saturday',533,,35372,11,,,1,80,,35368,11,,,1,40,,35339,11,,,1,80,,35340,11,,,1,14,,35373,2,0,5,1,66,,35341,11,,,1,19,,35381,2,0,5,1,21,,35342,11,,,1,64,,35386,2,0,5,1,14,,35344,11,,,1,71,,35383,2,0,5,1,19,,35345,11,,,1,25,,35346,11,,,1,1,,35382,2,0,5,1,67,,35343,11,,,1,18,,35385,2,0,5,1,12,,35370,11,,,1,70,,35348,11,,,1,3,,35384,2,0,5,1,27,,35350,11,,,1,59,,35387,2,0,5,1,11,,35347,11,,,1,30,,35351,11,,,1,4,,35388,2,0,5,1,66,,35349,11,,,1,18,,35389,2,0,5,1,12,,35353,11,,,1,70,,35354,11,,,1,3,,35390,2,0,5,1,28,,35371,11,,,1,58,,35376,2,0,5,1,19,,35355,11,,,1,23,,35352,11,,,1,3,,35378,2,0,5,1,66,,35356,11,,,1,18,,35377,2,0,5,1,18,,35357,11,,,1,64,,35359,11,,,1,3,,35380,2,0,5,1,27,,35369,11,,,1,58,,35379,2,0,5,1,20,,35362,11,,,1,22,,35360,11,,,1,5,,35375,2,0,5,1,65,,35358,11,,,1,18,,35374,2,0,5,1,26,,35361,11,,,1,55,,35394,2,0,5,1,27,,35364,11,,,1,61,,35393,2,0,5,1,17,,35363,11,,,1,30,,35365,11,,,1,5,,35392,2,0,5,1,72,,35391,2,0,5,1,13,,35366,11,,,1,69,,35367,11,,,1
5003,'Sunday',748,,35416,11,,,1,65,,35415,11,,,1,10,,35427,2,0,5,1,20,,35423,11,,,1,15,,35434,2,0,5,1,55,,35395,11,,,1,30,,35419,11,,,1,10,,35437,2,0,5,1,61,,35398,11,,,1,12,,35438,2,0,5,1,24,,35399,11,,,1,64,,35400,11,,,1,9,,35440,2,0,5,1,24,,35397,11,,,1,55,,35436,2,0,5,1,21,,35421,11,,,1,21,,35401,11,,,1,9,,35441,2,0,5,1,61,,35402,11,,,1,20,,35439,2,0,5,1,20,,35396,11,,,1,60,,35418,11,,,1,9,,35442,2,0,5,1,21,,35404,11,,,1,60,,35433,2,0,5,1,14,,35407,11,,,1,26,,35403,11,,,1,9,,35432,2,0,5,1,61,,35422,11,,,1,17,,35428,2,0,5,1,21,,35408,11,,,1,62,,35405,11,,,1,9,,35431,2,0,5,1,21,,35420,11,,,1,59,,35426,2,0,5,1,16,,35410,11,,,1,24,,35411,11,,,1,10,,35430,2,0,5,1,61,,35409,11,,,1,24,,35429,2,0,5,1,65,,35412,11,,,1,20,,35435,2,0,5,1,22,,35406,11,,,1,62,,35445,2,0,5,1,17,,35413,11,,,1,30,,35414,11,,,1,46,,35443,2,0,5,1,32,,35417,11,,,1,11,,35446,2,0,5,1,73,,35424,11,,,1,7,,35444,2,0,5,1
5003,'Weekday',540,,35449,11,,,1,4,,35447,2,0,5,1,13,,35486,11,,,1,55,,35487,11,,,1,2,,35471,2,0,5,1,15,,35488,11,,,1,14,,35466,2,0,5,1,1,,35489,11,,,1,15,,35490,11,,,1,54,,35459,2,0,5,1,1,,35491,11,,,1,14,,35492,11,,,1,14,,35493,11,,,1,1,,35478,2,0,5,1,15,,35494,11,,,1,54,,35495,11,,,1,1,,35469,2,0,5,1,15,,35496,11,,,1,14,,35497,11,,,1,1,,35468,2,0,5,1,15,,35498,11,,,1,54,,35499,11,,,1,3,,35467,2,0,5,1,12,,35501,11,,,1,15,,35502,11,,,1,6,,35474,2,0,5,1,9,,35503,11,,,1,55,,35500,11,,,1,12,,35477,2,0,5,1,3,,35504,11,,,1,15,,35505,11,,,1,16,,35506,11,,,1,46,,35482,2,0,5,1,14,,35507,11,,,1,20,,35508,11,,,1,6,,35483,2,0,5,1,15,,35509,11,,,1,60,,35510,11,,,1,4,,35475,2,0,5,1,16,,35511,11,,,1,14,,35481,2,0,5,1,6,,35512,11,,,1,60,,35513,11,,,1,4,,35476,2,0,5,1,16,,35514,11,,,1,14,,35457,2,0,5,1,47,,35515,11,,,1,16,,35516,11,,,1,7,,35480,2,0,5,1,8,,35517,11,,,1,15,,35518,11,,,1,7,,35484,2,0,5,1,47,,35519,11,,,1,15,,35520,11,,,1,8,,35485,2,0,5,1,7,,35521,11,,,1,15,,35522,11,,,1,8,,35464,2,0,5,1,48,,35523,11,,,1,15,,35524,11,,,1,7,,35456,2,0,5,1,8,,35525,11,,,1,15,,35527,11,,,1,7,,35455,2,0,5,1,48,,35526,11,,,1,15,,35528,11,,,1,7,,35472,2,0,5,1,8,,35529,11,,,1,15,,35530,11,,,1,7,,35454,2,0,5,1,47,,35531,11,,,1,15,,35532,11,,,1,8,,35460,2,0,5,1,7,,35533,11,,,1,15,,35534,11,,,1,8,,35473,2,0,5,1,47,,35535,11,,,1,16,,35536,11,,,1,7,,35462,2,0,5,1,8,,35537,11,,,1,13,,35538,11,,,1,9,,35461,2,0,5,1,5,,35539,11,,,1,65,,35479,2,0,5,1,5,,35540,11,,,1,25,,35470,2,0,5,1,5,,35541,11,,,1,65,,35458,2,0,5,1,5,,35542,11,,,1,25,,35453,2,0,5,1,5,,35543,11,,,1,65,,35465,2,0,5,1,5,,35544,11,,,1,25,,35463,2,0,5,1,5,,35545,11,,,1,60,,35450,2,0,5,1,10,,35546,11,,,1,19,,35451,2,0,5,1,11,,35547,11,,,1,74,,35452,11,,,1
5003,'Holiday11111111',748,,41481,11,,,1,65,,41479,11,,,1,10,,41444,2,0,5,1,20,,41488,11,,,1,15,,41450,2,0,5,1,55,,41462,11,,,1,30,,41485,11,,,1,10,,41447,2,0,5,1,61,,41465,11,,,1,12,,41452,2,0,5,1,24,,41463,11,,,1,64,,41461,11,,,1,9,,41454,2,0,5,1,24,,41464,11,,,1,55,,41448,2,0,5,1,21,,41483,11,,,1,21,,41470,11,,,1,9,,41449,2,0,5,1,61,,41472,11,,,1,20,,41453,2,0,5,1,20,,41460,11,,,1,60,,41484,11,,,1,9,,41455,2,0,5,1,21,,41473,11,,,1,60,,41442,2,0,5,1,14,,41466,11,,,1,26,,41471,11,,,1,9,,41446,2,0,5,1,61,,41487,11,,,1,17,,41440,2,0,5,1,21,,41469,11,,,1,62,,41477,11,,,1,9,,41439,2,0,5,1,21,,41486,11,,,1,59,,41441,2,0,5,1,16,,41476,11,,,1,24,,41468,11,,,1,10,,41445,2,0,5,1,61,,41475,11,,,1,24,,41443,2,0,5,1,65,,41467,11,,,1,20,,41451,2,0,5,1,22,,41474,11,,,1,62,,41459,2,0,5,1,17,,41478,11,,,1,30,,41480,11,,,1,46,,41458,2,0,5,1,32,,41482,11,,,1,11,,41457,2,0,5,1,73,,41489,11,,,1,7,,41456,2,0,5,1
51102,'Holiday1',452,,39520,2,,,1,75,,39519,2,,,1,27,,39515,2,,,1,55,,39521,2,,,1,25,,39522,2,,,1,70,,39523,2,,,1,23,,39475,2,0,8,1,20,,39497,2,,,1,60,,39476,2,0,8,1,22,,39498,2,,,1,18,,39477,2,0,8,1,60,,39499,2,,,1,20,,39479,2,0,8,1,20,,39501,2,,,1,60,,39480,2,0,8,1,22,,39502,2,,,1,21,,39481,2,0,8,1,58,,39503,2,,,1,22,,39478,2,0,8,1,18,,39500,2,,,1,62,,39482,2,0,8,1,17,,39505,2,,,1,23,,39483,2,0,8,1,58,,39506,2,,,1,21,,39484,2,0,8,1,20,,39507,2,,,1,58,,39485,2,0,8,1,20,,39508,2,,,1,20,,39486,2,0,8,1,60,,39509,2,,,1,20,,39488,2,0,8,1,20,,39516,2,,,1,60,,39489,2,0,8,1,20,,39510,2,,,1,20,,39490,2,0,8,1,60,,39517,2,,,1,20,,39487,2,0,8,1,18,,39518,2,,,1,62,,39491,2,0,8,1,20,,39504,2,,,1,20,,39492,2,0,8,1,61,,39511,2,,,1,19,,39493,2,0,8,1,23,,39512,2,,,1,57,,39494,2,0,8,1,15,,39513,2,,,1,21,,39495,2,0,8,1,64,,39514,2,,,1,20,,39496,2,0,8,1
51102,'Saturday',604,,39527,2,,,1,19,,39526,2,0,8,1,16,,39534,2,0,8,1,13,,39530,2,,,1,57,,39529,2,0,8,1,13,,39541,2,0,8,1,15,,39535,2,,,1,15,,39536,2,0,8,1,55,,39532,2,0,8,1,15,,39533,2,,,1,14,,39537,2,0,8,1,17,,39539,2,0,8,1,54,,39531,2,,,1,11,,39538,2,0,8,1,14,,39556,2,0,8,1,10,,39546,2,0,8,1,12,,39540,2,,,1,53,,39547,2,0,8,1,13,,39544,2,0,8,1,10,,39563,2,0,8,1,9,,39543,2,,,1,9,,39573,2,0,8,1,6,,39549,2,0,8,1,52,,39557,2,0,8,1,12,,39552,2,0,8,1,11,,39548,2,,,1,14,,39551,2,0,8,1,13,,39550,2,0,8,1,52,,39565,2,0,8,1,11,,39545,2,,,1,14,,39569,2,0,8,1,13,,39560,2,0,8,1,12,,39558,2,0,8,1,51,,39555,2,,,1,14,,39559,2,0,8,1,13,,39561,2,0,8,1,12,,39564,2,0,8,1,11,,39554,2,,,1,54,,39570,2,0,8,1,13,,39567,2,0,8,1,12,,39566,2,0,8,1,11,,39562,2,,,1,54,,39572,2,0,8,1,13,,39574,2,0,8,1,12,,39571,2,0,8,1,11,,39568,2,,,1,14,,39583,2,0,8,1,53,,39578,2,0,8,1,12,,39576,2,0,8,1,11,,39575,2,,,1,14,,39577,2,0,8,1,13,,39584,2,0,8,1,52,,39579,2,0,8,1,11,,39582,2,,,1,14,,39580,2,0,8,1,13,,39585,2,0,8,1,12,,39587,2,0,8,1,54,,39586,2,,,1,11,,39592,2,0,8,1,13,,39591,2,0,8,1,13,,39590,2,0,8,1,52,,39589,2,,,1,13,,39594,2,0,8,1,18,,39595,2,0,8,1,13,,39597,2,,,1,12,,39596,2,0,8,1,52,,39599,2,0,8,1,18,,39600,2,0,8,1,19,,39601,2,0,8,1,58,,39598,2,0,8,1,18,,39602,2,0,8,1,18,,39603,2,0,8,1,18,,39607,2,0,8,1,58,,39608,2,0,8,1,18,,39604,2,0,8,1,18,,39605,2,0,8,1,58,,39606,2,0,8,1
51102,'Sunday',452,,39654,2,,,1,75,,39653,2,,,1,27,,39649,2,,,1,55,,39655,2,,,1,25,,39656,2,,,1,70,,39657,2,,,1,23,,39609,2,0,8,1,20,,39631,2,,,1,60,,39610,2,0,8,1,22,,39632,2,,,1,18,,39611,2,0,8,1,60,,39633,2,,,1,20,,39613,2,0,8,1,20,,39635,2,,,1,60,,39614,2,0,8,1,22,,39636,2,,,1,21,,39615,2,0,8,1,58,,39637,2,,,1,22,,39612,2,0,8,1,18,,39634,2,,,1,62,,39616,2,0,8,1,17,,39638,2,,,1,23,,39617,2,0,8,1,58,,39639,2,,,1,21,,39618,2,0,8,1,20,,39640,2,,,1,58,,39619,2,0,8,1,20,,39642,2,,,1,20,,39620,2,0,8,1,60,,39643,2,,,1,20,,39622,2,0,8,1,20,,39650,2,,,1,60,,39623,2,0,8,1,20,,39644,2,,,1,20,,39624,2,0,8,1,60,,39651,2,,,1,20,,39621,2,0,8,1,18,,39652,2,,,1,62,,39625,2,0,8,1,20,,39641,2,,,1,20,,39626,2,0,8,1,61,,39645,2,,,1,19,,39627,2,0,8,1,23,,39646,2,,,1,57,,39628,2,0,8,1,15,,39647,2,,,1,21,,39629,2,0,8,1,64,,39648,2,,,1,20,,39630,2,0,8,1
51102,'Weekday',526,,39660,2,,,1,15,,39664,2,,,1,13,,39658,2,,,1,54,,39659,2,,,1,15,,39661,2,,,1,7,,39663,2,0,8,1,8,,39662,2,,,1,11,,39666,2,,,1,7,,39746,2,0,8,1,53,,39675,2,,,1,7,,39747,2,0,8,1,8,,39674,2,,,1,10,,39671,2,,,1,8,,39748,2,0,8,1,7,,39680,2,,,1,9,,39749,2,0,8,1,49,,39679,2,,,1,9,,39745,2,0,8,1,6,,39665,2,,,1,7,,39668,2,0,8,1,8,,39676,2,,,1,10,,39673,2,,,1,8,,39672,2,0,8,1,51,,39667,2,,,1,8,,39669,2,0,8,1,14,,39729,2,,,1,10,,39738,2,0,8,1,14,,39730,2,,,1,50,,39739,2,0,8,1,14,,39731,2,,,1,10,,39740,2,0,8,1,12,,39732,2,,,1,12,,39741,2,0,8,1,51,,39733,2,,,1,13,,39742,2,0,8,1,11,,39734,2,,,1,12,,39743,2,0,8,1,11,,39735,2,,,1,9,,39744,2,0,8,1,54,,39736,2,,,1,10,,39737,2,0,8,1,11,,39678,2,,,1,14,,39681,2,0,8,1,7,,39690,2,,,1,48,,39682,2,0,8,1,6,,39684,2,,,1,9,,39693,2,0,8,1,5,,39685,2,,,1,7,,39683,2,0,8,1,7,,39700,2,,,1,7,,39686,2,0,8,1,8,,39688,2,,,1,5,,39689,2,0,8,1,49,,39707,2,,,1,8,,39687,2,0,8,1,8,,39692,2,,,1,10,,39750,2,0,8,1,9,,39705,2,,,1,8,,39699,2,,,1,6,,39751,2,0,8,1,47,,39691,2,,,1,8,,39752,2,0,8,1,6,,39698,2,,,1,8,,39697,2,,,1,11,,39753,2,0,8,1,8,,39696,2,,,1,10,,39754,2,0,8,1,49,,39694,2,,,1,12,,39695,2,,,1,9,,39755,2,0,8,1,8,,39701,2,,,1,8,,39756,2,0,8,1,11,,39711,2,,,1,8,,39757,2,0,8,1,48,,39704,2,,,1,13,,39706,2,,,1,10,,39758,2,0,8,1,10,,39708,2,,,1,8,,39759,2,0,8,1,12,,39703,2,,,1,54,,39702,2,,,1,8,,39760,2,0,8,1,8,,39712,2,,,1,6,,39761,2,0,8,1,10,,39713,2,,,1,6,,39762,2,0,8,1,7,,39709,2,,,1,49,,39763,2,0,8,1,9,,39714,2,,,1,15,,39710,2,,,1,11,,39715,2,0,8,1,17,,39716,2,,,1,63,,39717,2,,,1,18,,39718,2,,,1,62,,39719,2,,,1,20,,39721,2,,,1,23,,39722,2,,,1,60,,39725,2,,,1,20,,39724,2,,,1,22,,39723,2,,,1,61,,39720,2,,,1,20,,39726,2,,,1,20,,39727,2,,,1,60,,39728,2,,,1,22,,39677,2,,,1
51102,'Holiday11111111',452,,42285,2,,,1,75,,42284,2,,,1,27,,42280,2,,,1,55,,42286,2,,,1,25,,42287,2,,,1,70,,42288,2,,,1,23,,42241,2,0,8,1,20,,42262,2,,,1,60,,42242,2,0,8,1,22,,42264,2,,,1,18,,42240,2,0,8,1,60,,42265,2,,,1,20,,42244,2,0,8,1,20,,42263,2,,,1,60,,42245,2,0,8,1,22,,42267,2,,,1,21,,42246,2,0,8,1,58,,42268,2,,,1,22,,42243,2,0,8,1,18,,42266,2,,,1,62,,42247,2,0,8,1,17,,42269,2,,,1,23,,42248,2,0,8,1,58,,42270,2,,,1,21,,42249,2,0,8,1,20,,42271,2,,,1,58,,42250,2,0,8,1,20,,42273,2,,,1,20,,42251,2,0,8,1,60,,42275,2,,,1,20,,42253,2,0,8,1,20,,42281,2,,,1,60,,42254,2,0,8,1,20,,42276,2,,,1,20,,42255,2,0,8,1,60,,42282,2,,,1,20,,42252,2,0,8,1,18,,42283,2,,,1,62,,42256,2,0,8,1,20,,42272,2,,,1,20,,42257,2,0,8,1,61,,42277,2,,,1,19,,42259,2,0,8,1,23,,42274,2,,,1,57,,42260,2,0,8,1,15,,42278,2,,,1,21,,42258,2,0,8,1,64,,42279,2,,,1,20,,42261,2,0,8,1
