1102,'Holiday1',632,,30352,5,,,1,20,,30349,5,0,5,1,60,,30350,5,,,1,20,,30351,5,0,5,1,20,,30353,5,,,1,60,,30354,5,0,5,1,20,,30355,5,,,1,20,,30356,5,0,5,1,60,,30357,5,,,1,20,,30358,5,0,5,1,20,,30359,5,,,1,60,,30360,5,0,5,1,20,,30361,5,,,1,20,,30363,5,0,5,1,60,,30362,5,,,1,20,,30364,5,0,5,1,20,,30365,5,,,1,60,,30366,5,0,5,1,20,,30367,5,,,1,20,,30368,5,0,5,1,60,,30369,5,,,1,20,,30370,5,0,5,1,20,,30371,5,,,1,60,,30374,5,0,5,1,20,,30373,5,,,1,20,,30372,5,0,5,1,61,,30377,5,,,1,21,,30379,5,0,5,1,21,,30376,5,,,1,61,,30378,5,0,5,1,21,,30375,5,,,1,21,,30382,5,0,5,1,61,,30380,5,,,1,21,,30381,5,0,5,1,64,,30383,5,,,1,20,,30384,5,0,5,1,34,,30388,5,,,1,60,,30387,5,0,5,1,21,,30385,5,,,1,65,,30386,5,0,5,1,26,,30389,5,,,1,20,,30393,5,0,5,1,65,,30390,5,,,1,20,,30394,5,0,5,1,66,,30391,5,,,1,20,,30395,5,0,5,1,26,,30396,5,,,1,60,,30392,5,0,5,1,26,,30398,5,,,1,25,,30397,5,0,5,1
1102,'Saturday',520,,30399,5,,,1,21,,30409,5,0,5,1,59,,30403,5,,,1,22,,30401,5,0,5,1,17,,30404,5,,,1,63,,30402,5,0,5,1,18,,30405,5,,,1,20,,30407,5,0,5,1,60,,30406,5,,,1,20,,30400,5,0,5,1,20,,30410,5,,,1,60,,30411,5,0,5,1,21,,30412,5,,,1,21,,30421,5,0,5,1,61,,30408,5,,,1,21,,30419,5,0,5,1,21,,30413,5,,,1,61,,30422,5,0,5,1,21,,30414,5,,,1,21,,30420,5,0,5,1,61,,30415,5,,,1,28,,30423,5,0,5,1,14,,30416,5,,,1,61,,30424,5,0,5,1,21,,30417,5,,,1,21,,30425,5,0,5,1,61,,30418,5,,,1,22,,30426,5,0,5,1,64,,30435,5,,,1,20,,30427,5,0,5,1,24,,30433,5,,,1,60,,30428,5,0,5,1,24,,30436,5,,,1,20,,30430,5,0,5,1,64,,30437,5,,,1,20,,30431,5,0,5,1,24,,30434,5,,,1,60,,30432,5,0,5,1,24,,30438,5,,,1,60,,30429,5,0,5,1,26,,30439,5,,,1,23,,30442,5,0,5,1,63,,30440,5,,,1,23,,30443,5,0,5,1,68,,30441,5,,,1,23,,30444,5,0,5,1,24,,30449,5,,,1,61,,30445,5,0,5,1,30,,30450,5,,,1,63,,30446,5,0,5,1,35,,30451,5,,,1,67,,30447,5,0,5,1,27,,30452,5,,,1,74,,30448,5,0,5,1
1102,'Sunday',632,,30456,5,,,1,20,,30453,5,0,5,1,60,,30454,5,,,1,20,,30455,5,0,5,1,20,,30457,5,,,1,60,,30458,5,0,5,1,20,,30459,5,,,1,20,,30460,5,0,5,1,60,,30461,5,,,1,20,,30462,5,0,5,1,20,,30463,5,,,1,60,,30464,5,0,5,1,20,,30465,5,,,1,20,,30467,5,0,5,1,60,,30466,5,,,1,20,,30468,5,0,5,1,20,,30469,5,,,1,60,,30470,5,0,5,1,20,,30471,5,,,1,20,,30472,5,0,5,1,60,,30473,5,,,1,20,,30475,5,0,5,1,20,,30474,5,,,1,60,,30478,5,0,5,1,20,,30477,5,,,1,20,,30476,5,0,5,1,61,,30481,5,,,1,21,,30483,5,0,5,1,21,,30480,5,,,1,61,,30482,5,0,5,1,21,,30479,5,,,1,21,,30486,5,0,5,1,61,,30484,5,,,1,21,,30485,5,0,5,1,64,,30487,5,,,1,20,,30488,5,0,5,1,34,,30492,5,,,1,60,,30491,5,0,5,1,21,,30489,5,,,1,65,,30490,5,0,5,1,26,,30493,5,,,1,20,,30496,5,0,5,1,65,,30494,5,,,1,20,,30497,5,0,5,1,66,,30495,5,,,1,20,,30498,5,0,5,1,26,,30500,5,,,1,60,,30499,5,0,5,1,26,,30502,5,,,1,25,,30501,5,0,5,1
1102,'Weekday',516,,30575,5,,,1,18,,30573,5,,,1,14,,30574,5,,,1,59,,30579,5,,,1,14,,30576,5,0,5,1,14,,30580,5,,,1,21,,30584,5,,,1,52,,30582,5,0,5,1,12,,30578,5,,,1,13,,30581,5,0,5,1,12,,30583,5,,,1,58,,30577,5,0,5,1,12,,30567,5,,,1,16,,30565,5,0,5,1,12,,30555,5,,,1,16,,30566,5,0,5,1,52,,30556,5,,,1,21,,30554,5,0,5,1,13,,30545,5,,,1,59,,30569,5,0,5,1,18,,30544,5,,,1,16,,30562,5,0,5,1,15,,30546,5,,,1,59,,30557,5,0,5,1,15,,30535,5,,,1,9,,30558,5,0,5,1,16,,30564,5,,,1,55,,30547,5,0,5,1,14,,30568,5,,,1,13,,30549,5,0,5,1,14,,30534,5,,,1,56,,30560,5,0,5,1,17,,30543,5,,,1,14,,30559,5,0,5,1,14,,30533,5,,,1,53,,30548,5,0,5,1,15,,30542,5,,,1,16,,30527,5,0,5,1,14,,30524,5,,,1,54,,30526,5,0,5,1,12,,30563,5,,,1,16,,30553,5,0,5,1,12,,30525,5,,,1,16,,30522,5,0,5,1,52,,30540,5,,,1,14,,30523,5,0,5,1,16,,30512,5,,,1,16,,30541,5,0,5,1,55,,30561,5,,,1,18,,30514,5,0,5,1,15,,30551,5,,,1,14,,30552,5,0,5,1,52,,30513,5,,,1,16,,30517,5,0,5,1,12,,30506,5,,,1,13,,30537,5,0,5,1,53,,30510,5,,,1,14,,30507,5,0,5,1,11,,30529,5,,,1,19,,30538,5,0,5,1,12,,30516,5,,,1,54,,30515,5,,,1,13,,30550,5,0,5,1,21,,30539,5,,,1,69,,30505,5,,,1,24,,30503,5,0,5,1,61,,30511,5,,,1,23,,30530,5,0,5,1,25,,30521,5,,,1,58,,30518,5,0,5,1,13,,30504,5,,,1,19,,30508,5,0,5,1,62,,30531,5,,,1,31,,30509,5,0,5,1,18,,30520,5,,,1,52,,30587,5,0,5,1,21,,30519,5,0,5,1
1102,'Holiday11111111',632,,40562,5,,,1,20,,40559,5,0,5,1,60,,40560,5,,,1,20,,40561,5,0,5,1,20,,40563,5,,,1,60,,40564,5,0,5,1,20,,40565,5,,,1,20,,40566,5,0,5,1,60,,40567,5,,,1,20,,40568,5,0,5,1,20,,40569,5,,,1,60,,40570,5,0,5,1,20,,40571,5,,,1,20,,40573,5,0,5,1,60,,40572,5,,,1,20,,40574,5,0,5,1,20,,40575,5,,,1,60,,40576,5,0,5,1,20,,40577,5,,,1,20,,40578,5,0,5,1,60,,40579,5,,,1,20,,40581,5,0,5,1,20,,40580,5,,,1,60,,40584,5,0,5,1,20,,40583,5,,,1,20,,40582,5,0,5,1,61,,40587,5,,,1,21,,40589,5,0,5,1,21,,40586,5,,,1,61,,40588,5,0,5,1,21,,40585,5,,,1,21,,40592,5,0,5,1,61,,40590,5,,,1,21,,40591,5,0,5,1,64,,40593,5,,,1,20,,40594,5,0,5,1,34,,40598,5,,,1,60,,40597,5,0,5,1,21,,40595,5,,,1,65,,40596,5,0,5,1,26,,40599,5,,,1,20,,40602,5,0,5,1,65,,40600,5,,,1,20,,40603,5,0,5,1,66,,40601,5,,,1,20,,40604,5,0,5,1,26,,40606,5,,,1,60,,40605,5,0,5,1,26,,40608,5,,,1,25,,40607,5,0,5,1
5003,'Holiday1',749,,35308,12,,,1,65,,35307,12,,,1,10,,35319,3,0,5,1,20,,35315,12,,,1,15,,35326,3,0,5,1,55,,35288,12,,,1,30,,35311,12,,,1,10,,35329,3,0,5,1,61,,35290,12,,,1,13,,35330,3,0,5,1,23,,35291,12,,,1,64,,35292,12,,,1,10,,35332,3,0,5,1,23,,35289,12,,,1,56,,35328,3,0,5,1,20,,35313,12,,,1,21,,35293,12,,,1,10,,35333,3,0,5,1,61,,35294,12,,,1,20,,35331,3,0,5,1,20,,35287,12,,,1,59,,35310,12,,,1,10,,35334,3,0,5,1,20,,35296,12,,,1,61,,35325,3,0,5,1,14,,35299,12,,,1,26,,35295,12,,,1,9,,35324,3,0,5,1,61,,35314,12,,,1,17,,35320,3,0,5,1,21,,35300,12,,,1,61,,35297,12,,,1,10,,35323,3,0,5,1,20,,35312,12,,,1,60,,35318,3,0,5,1,15,,35302,12,,,1,24,,35303,12,,,1,11,,35322,3,0,5,1,60,,35301,12,,,1,25,,35321,3,0,5,1,64,,35304,12,,,1,21,,35327,3,0,5,1,21,,35298,12,,,1,62,,35337,3,0,5,1,17,,35305,12,,,1,30,,35306,12,,,1,46,,35335,3,0,5,1,32,,35309,12,,,1,11,,35338,3,0,5,1,73,,35316,12,,,1,7,,35336,3,0,5,1
5003,'Saturday',534,,35372,12,,,1,80,,35368,12,,,1,40,,35339,12,,,1,80,,35340,12,,,1,15,,35373,3,0,5,1,65,,35341,12,,,1,19,,35381,3,0,5,1,21,,35342,12,,,1,64,,35386,3,0,5,1,14,,35344,12,,,1,72,,35383,3,0,5,1,18,,35345,12,,,1,25,,35346,12,,,1,2,,35382,3,0,5,1,66,,35343,12,,,1,19,,35385,3,0,5,1,11,,35370,12,,,1,70,,35348,12,,,1,4,,35384,3,0,5,1,26,,35350,12,,,1,59,,35387,3,0,5,1,12,,35347,12,,,1,30,,35351,12,,,1,3,,35388,3,0,5,1,66,,35349,12,,,1,19,,35389,3,0,5,1,11,,35353,12,,,1,70,,35354,12,,,1,4,,35390,3,0,5,1,27,,35371,12,,,1,59,,35376,3,0,5,1,18,,35355,12,,,1,23,,35352,12,,,1,3,,35378,3,0,5,1,66,,35356,12,,,1,19,,35377,3,0,5,1,17,,35357,12,,,1,64,,35359,12,,,1,4,,35380,3,0,5,1,26,,35369,12,,,1,59,,35379,3,0,5,1,19,,35362,12,,,1,22,,35360,12,,,1,6,,35375,3,0,5,1,64,,35358,12,,,1,19,,35374,3,0,5,1,25,,35361,12,,,1,56,,35394,3,0,5,1,26,,35364,12,,,1,62,,35393,3,0,5,1,16,,35363,12,,,1,30,,35365,12,,,1,5,,35392,3,0,5,1,72,,35391,3,0,5,1,13,,35366,12,,,1,69,,35367,12,,,1
5003,'Sunday',749,,35416,12,,,1,65,,35415,12,,,1,10,,35427,3,0,5,1,20,,35423,12,,,1,15,,35434,3,0,5,1,55,,35395,12,,,1,30,,35419,12,,,1,10,,35437,3,0,5,1,61,,35398,12,,,1,13,,35438,3,0,5,1,23,,35399,12,,,1,64,,35400,12,,,1,10,,35440,3,0,5,1,23,,35397,12,,,1,56,,35436,3,0,5,1,20,,35421,12,,,1,21,,35401,12,,,1,10,,35441,3,0,5,1,61,,35402,12,,,1,20,,35439,3,0,5,1,20,,35396,12,,,1,59,,35418,12,,,1,10,,35442,3,0,5,1,20,,35404,12,,,1,61,,35433,3,0,5,1,14,,35407,12,,,1,26,,35403,12,,,1,9,,35432,3,0,5,1,61,,35422,12,,,1,17,,35428,3,0,5,1,21,,35408,12,,,1,61,,35405,12,,,1,10,,35431,3,0,5,1,20,,35420,12,,,1,60,,35426,3,0,5,1,15,,35410,12,,,1,24,,35411,12,,,1,11,,35430,3,0,5,1,60,,35409,12,,,1,25,,35429,3,0,5,1,64,,35412,12,,,1,21,,35435,3,0,5,1,21,,35406,12,,,1,62,,35445,3,0,5,1,17,,35413,12,,,1,30,,35414,12,,,1,46,,35443,3,0,5,1,32,,35417,12,,,1,11,,35446,3,0,5,1,73,,35424,12,,,1,7,,35444,3,0,5,1
5003,'Weekday',541,,35449,12,,,1,4,,35447,3,0,5,1,13,,35486,12,,,1,55,,35487,12,,,1,2,,35471,3,0,5,1,15,,35488,12,,,1,14,,35466,3,0,5,1,1,,35489,12,,,1,55,,35490,12,,,1,14,,35459,3,0,5,1,1,,35491,12,,,1,14,,35492,12,,,1,14,,35493,12,,,1,1,,35478,3,0,5,1,56,,35494,12,,,1,14,,35469,3,0,5,1,16,,35496,12,,,1,14,,35468,3,0,5,1,15,,35498,12,,,1,55,,35499,12,,,1,2,,35467,3,0,5,1,13,,35501,12,,,1,15,,35502,12,,,1,5,,35474,3,0,5,1,10,,35503,12,,,1,55,,35500,12,,,1,11,,35477,3,0,5,1,4,,35504,12,,,1,15,,35505,12,,,1,15,,35506,12,,,1,46,,35482,3,0,5,1,15,,35507,12,,,1,20,,35508,12,,,1,5,,35483,3,0,5,1,55,,35509,12,,,1,20,,35510,12,,,1,4,,35475,3,0,5,1,16,,35511,12,,,1,14,,35481,3,0,5,1,46,,35512,12,,,1,20,,35513,12,,,1,4,,35476,3,0,5,1,16,,35514,12,,,1,15,,35457,3,0,5,1,46,,35515,12,,,1,16,,35516,12,,,1,8,,35480,3,0,5,1,7,,35517,12,,,1,15,,35518,12,,,1,8,,35484,3,0,5,1,47,,35519,12,,,1,15,,35520,12,,,1,7,,35485,3,0,5,1,8,,35521,12,,,1,15,,35522,12,,,1,8,,35464,3,0,5,1,47,,35523,12,,,1,16,,35524,12,,,1,7,,35456,3,0,5,1,8,,35525,12,,,1,15,,35527,12,,,1,7,,35455,3,0,5,1,48,,35526,12,,,1,15,,35528,12,,,1,7,,35472,3,0,5,1,8,,35529,12,,,1,15,,35530,12,,,1,7,,35454,3,0,5,1,47,,35531,12,,,1,14,,35532,12,,,1,8,,35460,3,0,5,1,7,,35533,12,,,1,15,,35534,12,,,1,8,,35473,3,0,5,1,47,,35535,12,,,1,16,,35536,12,,,1,8,,35462,3,0,5,1,7,,35537,12,,,1,13,,35538,12,,,1,9,,35461,3,0,5,1,46,,35539,12,,,1,24,,35479,3,0,5,1,5,,35540,12,,,1,25,,35470,3,0,5,1,5,,35541,12,,,1,65,,35458,3,0,5,1,5,,35542,12,,,1,25,,35453,3,0,5,1,5,,35543,12,,,1,65,,35465,3,0,5,1,5,,35544,12,,,1,25,,35463,3,0,5,1,46,,35545,12,,,1,19,,35450,3,0,5,1,11,,35546,12,,,1,18,,35451,3,0,5,1,52,,35547,12,,,1,34,,35452,12,,,1
5003,'Holiday11111111',749,,41481,12,,,1,65,,41479,12,,,1,10,,41444,3,0,5,1,20,,41488,12,,,1,15,,41450,3,0,5,1,55,,41462,12,,,1,30,,41485,12,,,1,10,,41447,3,0,5,1,61,,41465,12,,,1,13,,41452,3,0,5,1,23,,41463,12,,,1,64,,41461,12,,,1,10,,41454,3,0,5,1,23,,41464,12,,,1,56,,41448,3,0,5,1,20,,41483,12,,,1,21,,41470,12,,,1,10,,41449,3,0,5,1,61,,41472,12,,,1,20,,41453,3,0,5,1,20,,41460,12,,,1,59,,41484,12,,,1,10,,41455,3,0,5,1,20,,41473,12,,,1,61,,41442,3,0,5,1,14,,41466,12,,,1,26,,41471,12,,,1,9,,41446,3,0,5,1,61,,41487,12,,,1,17,,41440,3,0,5,1,21,,41469,12,,,1,61,,41477,12,,,1,10,,41439,3,0,5,1,20,,41486,12,,,1,60,,41441,3,0,5,1,15,,41476,12,,,1,24,,41468,12,,,1,11,,41445,3,0,5,1,60,,41475,12,,,1,25,,41443,3,0,5,1,64,,41467,12,,,1,21,,41451,3,0,5,1,21,,41474,12,,,1,62,,41459,3,0,5,1,17,,41478,12,,,1,30,,41480,12,,,1,46,,41458,3,0,5,1,32,,41482,12,,,1,11,,41457,3,0,5,1,73,,41489,12,,,1,7,,41456,3,0,5,1
