101,'Saturday',558,,42291,22,,,1,61,,42290,22,,,1,18,,42293,22,,,1,18,,42289,48,,,1,61,,42300,48,,,1,20,,42299,48,,,1,20,,42301,48,,,1,63,,42302,48,,,1,21,,42303,48,,,1,60,,42304,48,,,1,20,,42305,48,,,1,20,,42306,48,,,1,60,,42307,48,,,1,20,,42308,48,,,1,19,,42309,48,,,1,62,,42310,48,,,1,20,,42311,48,,,1,20,,42312,48,,,1,60,,42313,48,,,1,20,,42314,48,,,1,19,,42315,48,,,1,60,,42316,48,,,1,19,,42317,48,,,1,25,,42318,48,,,1,61,,42320,48,,,1,22,,42321,48,,,1,21,,42322,48,,,1,63,,42319,48,,,1,20,,42323,48,,,1,20,,42324,48,,,1,60,,42325,48,,,1,20,,42326,48,,,1,20,,42327,48,,,1,61,,42328,48,,,1,19,,42329,48,,,1,19,,42330,48,,,1,61,,42331,48,,,1,19,,42332,48,,,1,18,,42333,48,,,1,59,,42334,48,,,1,19,,42298,48,,,1,17,,42297,48,,,1,68,,42337,48,,,1,30,,42338,48,,,1,71,,42339,48,,,1,29,,42341,48,,,1,73,,42342,48,,,1,30,,42343,48,,,1,65,,42340,48,,,1,29,,42344,48,,,1,69,,42335,48,,,1,29,,42336,48,,,1,72,,42294,48,,,1,42,,42296,48,,,1
101,'Sunday',605,,42348,48,,,1,130,,42345,48,,,1,20,,42357,48,,,1,61,,42358,48,,,1,20,,42359,48,,,1,20,,42360,48,,,1,60,,42362,48,,,1,20,,42363,48,,,1,20,,42364,48,,,1,60,,42361,48,,,1,20,,42366,48,,,1,20,,42367,48,,,1,60,,42365,48,,,1,21,,42370,48,,,1,20,,42371,48,,,1,60,,42369,48,,,1,20,,42368,48,,,1,20,,42372,48,,,1,60,,42373,48,,,1,21,,42374,48,,,1,20,,42375,48,,,1,61,,42377,48,,,1,20,,42378,48,,,1,20,,42379,48,,,1,60,,42376,48,,,1,20,,42380,48,,,1,20,,42384,48,,,1,60,,42385,48,,,1,20,,42381,48,,,1,61,,42382,48,,,1,20,,42386,48,,,1,20,,42383,48,,,1,60,,42387,48,,,1,19,,42388,48,,,1,18,,42389,48,,,1,20,,42390,48,,,1,60,,42391,48,,,1,20,,42393,48,,,1,20,,42394,48,,,1,59,,42395,48,,,1,20,,42392,48,,,1,19,,42396,48,,,1,60,,42397,48,,,1,25,,42398,48,,,1,60,,42399,48,,,1,19,,42400,48,,,1,20,,42355,48,,,1,19,,42352,48,,,1,60,,42353,48,,,1,19,,42349,48,,,1,15,,42354,48,,,1,60,,42356,48,,,1,23,,42351,48,,,1
101,'Weekday',406,,42410,22,,,1,22,,42408,22,,,1,20,,42405,22,,,1,58,,42404,22,,,1,30,,42403,48,,,1,19,,42407,48,,,1,65,,42406,48,,,1,10,,42402,43,0,5,1,13,,42418,48,,,1,9,,42421,43,0,5,1,53,,42419,48,,,1,15,,42422,43,0,5,1,11,,42420,48,,,1,15,,42423,43,0,5,1,12,,42413,48,,,1,59,,42416,48,,,1,15,,42424,43,0,5,1,12,,42412,48,,,1,13,,42425,43,0,5,1,53,,42417,48,,,1,13,,42426,43,0,5,1,12,,42414,48,,,1,14,,42415,43,0,5,1,56,,42438,43,0,5,1,16,,42427,48,,,1,10,,42439,43,0,5,1,19,,42428,48,,,1,62,,42441,43,0,5,1,19,,42429,48,,,1,13,,42442,43,0,5,1,14,,42430,48,,,1,52,,42440,43,0,5,1,13,,42431,48,,,1,21,,42444,43,0,5,1,9,,42432,48,,,1,67,,42445,43,0,5,1,20,,42433,52,0,7,1,13,,42443,43,0,5,1,48,,42434,48,,,1,28,,42447,43,0,5,1,14,,42435,48,,,1,12,,42448,47,0,5 7,1,55,,42436,48,,,1,16,,42449,43,0,5,1,14,,42437,52,0,7,1,60,,42446,48,,,1,15,,42465,43,0,5,1,11,,42450,48,,,1,15,,42466,43,0,5,1,59,,42467,43,0,5,1,9,,42451,48,,,1,16,,42468,43,0,5,1,17,,42452,48,,,1,12,,42469,43,0,5,1,52,,42453,48,,,1,14,,42470,43,0,5,1,11,,42454,48,,,1,19,,42455,48,,,1,50,,42471,43,0,5,1,10,,42456,48,,,1,9,,42472,43,0,5,1,12,,42457,48,,,1,8,,42473,43,0,5,1,9,,42458,48,,,1,57,,42459,48,,,1,24,,42460,48,,,1,21,,42461,48,,,1,65,,42462,48,,,1,20,,42463,48,,,1,22,,42464,48,,,1,63,,42474,48,,,1,37,,42476,48,,,1,67,,42475,48,,,1,82,,42479,48,,,1,33,,42480,48,,,1,73,,42477,48,,,1,32,,42478,48,,,1
102,'Saturday',632,,42487,24,,,1,20,,42507,24,,,1,61,,42506,24,,,1,20,,42508,24,,,1,20,,42509,24,,,1,60,,42510,24,,,1,20,,42511,24,,,1,20,,42512,24,,,1,64,,42513,24,,,1,20,,42514,24,,,1,20,,42515,24,,,1,61,,42516,24,,,1,19,,42517,24,,,1,20,,42518,24,,,1,60,,42519,24,,,1,20,,42520,24,,,1,21,,42521,24,,,1,60,,42522,24,,,1,20,,42523,24,,,1,20,,42524,24,,,1,62,,42525,24,,,1,18,,42527,24,,,1,20,,42528,24,,,1,60,,42529,24,,,1,19,,42526,24,,,1,19,,42530,24,,,1,63,,42531,24,,,1,21,,42532,24,,,1,19,,42505,24,,,1,59,,42503,24,,,1,20,,42502,24,,,1,20,,42499,24,,,1,61,,42500,24,,,1,20,,42497,24,,,1,20,,42495,24,,,1,60,,42498,24,,,1,20,,42496,24,,,1,19,,42501,24,,,1,60,,42494,24,,,1,16,,42504,24,,,1,70,,42535,24,,,1,35,,42536,24,,,1,68,,42537,24,,,1,26,,42538,24,,,1,70,,42539,24,,,1,30,,42540,24,,,1,72,,42541,24,,,1,30,,42542,24,,,1,22,,42534,24,,,1,69,,42492,24,,,1,29,,42490,24,,,1,68,,42543,24,,,1,30,,42493,24,,,1,82,,42491,24,,,1
102,'Sunday',616,,42547,24,,,1,43,,42545,24,,,1,56,,42571,24,,,1,20,,42572,24,,,1,20,,42573,24,,,1,60,,42574,24,,,1,20,,42576,24,,,1,20,,42577,24,,,1,60,,42578,24,,,1,20,,42575,24,,,1,20,,42580,24,,,1,60,,42581,24,,,1,20,,42566,24,,,1,20,,42567,24,,,1,60,,42551,24,,,1,20,,42561,24,,,1,20,,42549,24,,,1,61,,42560,24,,,1,20,,42553,24,,,1,20,,42558,24,,,1,60,,42565,24,,,1,20,,42562,24,,,1,20,,42548,24,,,1,60,,42564,24,,,1,20,,42557,24,,,1,66,,42550,24,,,1,20,,42554,24,,,1,20,,42569,24,,,1,60,,42552,24,,,1,20,,42568,24,,,1,20,,42559,24,,,1,60,,42570,24,,,1,21,,42563,24,,,1,20,,42555,24,,,1,60,,42556,24,,,1,20,,42579,24,,,1,20,,42584,24,,,1,60,,42585,24,,,1,19,,42583,24,,,1,20,,42582,24,,,1,60,,42586,24,,,1,19,,42587,24,,,1,20,,42588,24,,,1,60,,42589,24,,,1,20,,42591,24,,,1,20,,42592,24,,,1,60,,42593,24,,,1,14,,42590,24,,,1,20,,42594,24,,,1,67,,42597,24,,,1,25,,42598,24,,,1,26,,42595,24,,,1,59,,42596,24,,,1,17,,42599,24,,,1,15,,42544,24,,,1,60,,42600,24,,,1,21,,42546,24,,,1
102,'Weekday',442,,42603,24,,,1,59,,42604,24,,,1,22,,42601,24,,,1,21,,42607,24,,,1,59,,42608,24,,,1,21,,42606,24,,,1,19,,42605,24,,,1,58,,42617,24,,,1,14,,42614,13,0,5,1,9,,42611,24,,,1,13,,42621,13,0,5,1,10,,42613,24,,,1,10,,42612,13,0,5,1,56,,42616,24,0,7,1,13,,42615,13,0,5,1,12,,42619,24,,,1,11,,42609,13,0,5,1,53,,42620,24,,,1,12,,42618,13,0,5 7,1,11,,42610,24,,,1,14,,42633,13,0,5,1,16,,42623,24,,,1,50,,42634,13,0,5 7,1,12,,42624,24,,,1,13,,42635,13,0,5,1,12,,42625,24,,,1,68,,42636,13,0,5,1,20,,42626,24,,,1,18,,42637,13,0,5,1,7,,42627,24,,,1,65,,42638,13,0,5,1,17,,42628,24,,,1,16,,42639,13,0,5,1,52,,42629,24,,,1,24,,42640,13,0,5,1,10,,42630,24,0,7,1,61,,42641,13,0,5,1,7,,42622,24,,,1,24,,42642,13,0,5,1,18,,42631,24,,,1,62,,42643,13,0,5,1,7,,42632,24,,,1,16,,42664,13,0,5,1,8,,42650,24,,,1,7,,42665,13,0,5,1,56,,42648,24,,,1,14,,42666,13,0,5,1,12,,42645,24,,,1,21,,42651,24,,,1,54,,42667,13,0,5,1,9,,42652,24,,,1,9,,42653,24,,,1,9,,42668,13,0,5,1,12,,42654,24,,,1,9,,42646,13,0,5,1,55,,42644,13,0,5,1,14,,42655,24,,,1,13,,42649,13,0,5,1,14,,42656,24,,,1,53,,42657,24,,,1,9,,42647,13,0,5,1,8,,42658,24,,,1,24,,42659,24,,,1,65,,42660,24,,,1,20,,42661,24,,,1,22,,42662,24,,,1,58,,42663,24,,,1,20,,42671,24,,,1,24,,42670,24,,,1,62,,42669,24,,,1,39,,42672,24,,,1,70,,42673,24,,,1,77,,42674,24,,,1,28,,42675,24,,,1,75,,42676,24,,,1,32,,42677,24,,,1,72,,42678,24,,,1
1003,'Weekday',609,,44975,25,,,1,32,,44970,25,,,1,62,,44980,25,,,1,32,,44972,25,,,1,23,,44967,25,,,1,56,,44973,25,,,1,31,,44969,25,,,1,66,,44978,25,,,1,24,,44971,25,,,1,24,,44968,25,,,1,62,,44974,25,,,1,86,,44983,25,,,1,96,,44977,25,,,1,55,,44982,25,,,1,94,,44976,25,,,1,87,,44981,25,,,1,71,,44979,25,,,1,28,,44985,25,,,1,18,,44984,25,,,1,64,,44986,25,,,1,27,,44987,25,,,1,70,,44988,25,,,1,29,,44989,25,,,1,57,,44990,25,,,1,29,,44991,25,,,1,22,,44992,25,,,1,66,,44993,25,,,1,23,,44994,25,,,1
1503,'Saturday',607,,46079,20,0,6,1,22,,46080,20,0,6,1,22,,46094,20,0,6,1,62,,46095,20,0,6,1,22,,46096,20,0,6,1,22,,46093,20,0,6,1,62,,46097,20,0,6,1,22,,46098,20,0,6,1,62,,46099,20,0,6,1,22,,46102,20,0,6,1,22,,46103,20,0,6,1,62,,46100,20,0,6,1,22,,46101,20,0,6,1,22,,46104,20,0,6,1,62,,46105,20,0,6,1,22,,46106,20,0,6,1,22,,46109,20,0,6,1,62,,46110,20,0,6,1,22,,46111,20,0,6,1,62,,46107,20,0,6,1,22,,46112,20,0,6,1,22,,46113,20,0,6,1,62,,46114,20,0,6,1,22,,46108,20,0,6,1,22,,46115,20,0,6,1,62,,46117,20,0,6,1,22,,46118,20,0,6,1,62,,46119,20,0,6,1,22,,46116,20,0,6,1,22,,46120,20,0,6,1,62,,46121,20,0,6,1,22,,46123,20,0,6,1,22,,46125,20,0,6,1,62,,46122,20,0,6,1,22,,46126,20,0,6,1,22,,46124,20,0,6,1,62,,46127,20,0,6,1,22,,46128,20,0,6,1,62,,46129,20,0,6,1,22,,46131,20,0,6,1,22,,46132,20,0,6,1,62,,46133,20,0,6,1,22,,46092,20,0,6,1,22,,46091,20,0,6,1,62,,46086,20,0,6,1,22,,46090,20,0,6,1,22,,46087,20,0,6,1,62,,46089,20,0,6,1,22,,46085,20,0,6,1,62,,46088,20,0,6,1,25,,46081,20,0,6,1,19,,46130,20,,,1,60,,46083,20,,,1,25,,46084,20,,,1
1503,'Sunday',727,,46166,20,0,6,1,80,,46136,20,0,6,1,30,,46137,20,0,6,1,70,,46134,20,0,6,1,30,,46138,20,0,6,1,70,,46135,20,0,6,1,30,,46139,20,0,6,1,70,,46140,20,0,6,1,30,,46144,20,0,6,1,70,,46141,20,0,6,1,30,,46145,20,0,6,1,70,,46142,20,0,6,1,30,,46148,20,0,6,1,70,,46143,20,0,6,1,30,,46149,20,0,6,1,70,,46146,20,0,6,1,30,,46147,20,0,6,1,70,,46150,20,0,6,1,30,,46151,20,0,6,1,70,,46153,20,0,6,1,30,,46154,20,0,6,1,70,,46155,20,0,6,1,30,,46152,20,0,6,1,70,,46156,20,0,6,1,30,,46157,20,0,6,1,70,,46158,20,0,6,1,30,,46159,20,0,6,1,70,,46161,20,0,6,1,30,,46162,20,0,6,1,70,,46163,20,0,6,1,30,,46160,20,0,6,1,70,,46164,20,0,6,1,30,,46165,20,0,6,1,70,,46169,20,0,6,1,30,,46168,20,0,6,1
1503,'Weekday',541,,46233,12,0,5,1,60,,46185,12,0,5,1,9,,46208,20,0,6,1,11,,46249,12,0,5,1,14,,46202,20,0,6,1,8,,46250,12,0,5,1,11,,46259,20,,,1,47,,46251,12,0,5,1,13,,46260,20,,,1,11,,46252,12,0,5,1,12,,46261,20,,,1,9,,46253,12,0,5,1,12,,46262,20,,,1,50,,46254,12,0,5,1,11,,46263,20,,,1,8,,46240,12,0,5,1,10,,46264,20,,,1,7,,46241,12,0,5,1,11,,46265,20,,,1,48,,46247,12,0,5,1,11,,46266,20,,,1,9,,46238,12,0,5,1,10,,46267,20,,,1,10,,46236,12,0,5,1,13,,46268,20,,,1,50,,46242,12,0,5,1,7,,46243,20,,,1,11,,46248,12,0,5,1,10,,46239,20,,,1,10,,46244,12,0,5,1,13,,46246,20,,,1,54,,46237,12,0,5,1,16,,46245,20,,,1,8,,46270,12,0,5,1,15,,46257,12,0,5,1,53,,46227,20,0,6,1,14,,46258,12,0,5,1,12,,46220,20,0,6,1,17,,46255,12,0,5,1,11,,46224,20,0,6,1,52,,46256,12,0,5,1,12,,46221,12,0,5,1,10,,46225,20,0,6,1,15,,46222,12,0,5,1,9,,46269,20,,,1,54,,46223,20,0,6,1,8,,46182,12,0,5,1,13,,46181,20,0,6,1,7,,46187,12,0,5,1,14,,46186,12,0,5,1,5,,46183,20,0,6,1,63,,46209,20,0,6,1,12,,46177,12,0,5,1,14,,46198,20,0,6,1,9,,46180,12,0,5,1,55,,46195,20,0,6,1,8,,46171,12,0,5,1,13,,46234,20,,,1,7,,46172,12,0,5,1,13,,46199,20,0,6,1,5,,46173,12,0,5,1,51,,46203,20,0,6,1,13,,46174,12,0,5,1,8,,46194,20,0,6,1,13,,46175,12,0,5,1,6,,46192,20,0,6,1,13,,46178,12,0,5,1,51,,46193,20,0,6,1,7,,46179,12,0,5,1,11,,46216,20,0,6,1,16,,46176,12,0,5,1,13,,46212,20,0,6,1,53,,46235,12,0,5,1,9,,46201,20,0,6,1,15,,46189,12,0,5,1,15,,46229,12,0,5,1,10,,46205,20,0,6,1,55,,46230,12,0,5,1,12,,46197,20,0,6,1,17,,46196,20,0,6,1,15,,46232,12,0,5,1,56,,46200,20,0,6,1,12,,46231,12,0,5,1,15,,46204,20,0,6,1,14,,46226,12,0,5,1,63,,46207,20,0,6,1,26,,46206,20,0,6,1,65,,46184,20,0,6,1,30,,46211,20,0,6,1,70,,46210,20,0,6,1,29,,46219,20,0,6,1,70,,46170,20,,,1,30,,46217,20,0,6,1,65,,46228,20,,,1,22,,46214,20,,,1
1504,'Saturday',626,,46275,26,,,1,22,,46273,26,,,1,62,,46280,26,,,1,22,,46281,26,,,1,22,,46279,26,,,1,62,,46284,26,,,1,22,,46286,26,,,1,62,,46282,26,,,1,22,,46285,26,,,1,22,,46283,26,,,1,62,,46287,26,,,1,22,,46288,26,,,1,22,,46289,26,,,1,62,,46290,26,,,1,22,,46292,26,,,1,22,,46293,26,,,1,62,,46294,26,,,1,22,,46291,26,,,1,62,,46295,26,,,1,22,,46296,26,,,1,22,,46298,26,,,1,62,,46299,26,,,1,22,,46300,26,,,1,22,,46297,26,,,1,62,,46302,26,,,1,22,,46303,26,,,1,22,,46305,26,,,1,62,,46307,26,,,1,22,,46308,26,,,1,62,,46304,26,,,1,22,,46301,26,,,1,22,,46306,26,,,1,62,,46310,26,,,1,22,,46311,26,,,1,22,,46309,26,,,1,62,,46312,26,,,1,22,,46314,26,,,1,62,,46315,26,,,1,22,,46316,26,,,1,22,,46313,26,,,1,62,,46317,26,,,1,22,,46318,26,,,1,22,,46320,26,,,1,62,,46322,26,,,1,22,,46319,26,,,1,22,,46323,26,,,1,62,,46321,26,,,1,22,,46324,26,,,1,62,,46325,26,,,1,22,,46326,26,,,1,26,,46274,26,,,1,61,,46278,26,,,1
1504,'Sunday',720,,46360,26,,,1,30,,46327,26,,,1,71,,46331,26,,,1,29,,46329,26,,,1,70,,46332,26,,,1,30,,46333,26,,,1,70,,46335,26,,,1,30,,46334,26,,,1,70,,46339,26,,,1,30,,46336,26,,,1,70,,46340,26,,,1,30,,46338,26,,,1,70,,46341,26,,,1,30,,46342,26,,,1,70,,46345,26,,,1,30,,46337,26,,,1,70,,46343,26,,,1,30,,46347,26,,,1,70,,46344,26,,,1,30,,46348,26,,,1,70,,46349,26,,,1,30,,46346,26,,,1,70,,46350,26,,,1,30,,46351,26,,,1,70,,46352,26,,,1,30,,46353,26,,,1,70,,46355,26,,,1,30,,46356,26,,,1,70,,46357,26,,,1,30,,46354,26,,,1,70,,46358,26,,,1,30,,46359,26,,,1,70,,46328,26,,,1,30,,46330,26,,,1,62,,46361,26,,,1,30,,46362,26,,,1
1504,'Weekday',507,,46363,27,0,5,1,10,,46399,26,,,1,13,,46375,27,0,5,1,18,,46401,26,,,1,9,,46381,27,0,5,1,49,,46410,26,,,1,15,,46396,26,,,1,9,,46411,27,0,5,1,10,,46409,26,,,1,11,,46438,27,0,5,1,49,,46448,26,,,1,12,,46439,27,0,5,1,8,,46449,26,,,1,13,,46440,27,0,5,1,9,,46450,26,,,1,11,,46441,27,0,5,1,49,,46451,26,,,1,6,,46442,27,0,5,1,10,,46452,26,,,1,9,,46443,27,0,5,1,11,,46453,26,,,1,10,,46444,27,0,5,1,52,,46454,26,,,1,9,,46445,27,0,5,1,12,,46455,26,,,1,12,,46446,27,0,5,1,8,,46456,26,,,1,11,,46447,27,0,5,1,49,,46457,26,,,1,11,,46435,27,0,5,1,9,,46433,26,,,1,11,,46437,27,0,5,1,7,,46415,26,,,1,13,,46434,27,0,5,1,55,,46422,26,,,1,10,,46436,27,0,5,1,16,,46413,26,,,1,12,,46423,27,0,5,1,14,,46417,26,,,1,53,,46424,27,0,5,1,15,,46460,27,0,5,1,11,,46412,26,,,1,11,,46421,27,0,5,1,53,,46416,26,,,1,13,,46425,27,0,5,1,15,,46418,26,,,1,15,,46420,27,0,5,1,55,,46458,27,0,5,1,8,,46419,26,,,1,11,,46378,27,0,5,1,10,,46385,26,,,1,13,,46364,27,0,5,1,13,,46384,26,,,1,55,,46373,27,0,5,1,9,,46377,26,,,1,10,,46376,27,0,5,1,9,,46379,26,,,1,11,,46368,27,0,5,1,51,,46461,26,,,1,8,,46400,26,,,1,7,,46370,27,0,5,1,12,,46382,26,,,1,9,,46371,27,0,5,1,11,,46395,26,,,1,10,,46372,27,0,5,1,53,,46367,27,0,5,1,8,,46391,26,,,1,11,,46393,26,,,1,9,,46366,27,0,5,1,12,,46402,26,,,1,8,,46365,27,0,5,1,47,,46397,26,,,1,11,,46369,27,0,5,1,8,,46383,26,,,1,10,,46374,27,0,5,1,10,,46392,26,,,1,11,,46427,27,0,5,1,52,,46403,26,,,1,10,,46431,27,0,5,1,15,,46386,26,,,1,9,,46428,27,0,5,1,13,,46387,26,,,1,62,,46388,26,,,1,14,,46429,27,0,5,1,14,,46430,27,0,5,1,12,,46394,26,,,1,55,,46432,27,0,5,1,16,,46389,26,,,1,24,,46390,26,,,1,66,,46398,26,,,1,30,,46404,26,,,1,68,,46405,26,,,1,29,,46407,26,,,1,69,,46380,26,,,1,30,,46406,26,,,1,69,,46426,26,,,1,29,,46408,26,,,1,85,,46414,26,,,1
1803,'Saturday',404,,46777,22,0,5,1,232,,46754,22,,,1,20,,46733,22,,,1,60,,46780,22,,,1,20,,46730,22,,,1,21,,46781,22,,,1,63,,46757,22,,,1,22,,46756,22,,,1,63,,46739,22,,,1,20,,46732,22,,,1,20,,46734,22,,,1,60,,46743,22,,,1,20,,46726,22,,,1,18,,46752,22,,,1,59,,46737,22,,,1,24,,46728,22,,,1,23,,46729,22,,,1,63,,46735,22,,,1,2,,46785,22,0,5,1,17,,46744,22,,,1,12,,46784,22,0,5,1,8,,46727,22,,,1,59,,46746,22,,,1,21,,46738,22,,,1,20,,46731,22,,,1,62,,46741,22,,,1,20,,46740,22,,,1,18,,46753,22,,,1,57,,46736,22,,,1,23,,46751,22,,,1,20,,46748,22,,,1,60,,46755,22,,,1,25,,46747,22,,,1,15,,46745,22,,,1,62,,46750,22,,,1,20,,46749,22,,,1,19,,46763,22,,,1,60,,46758,22,,,1,21,,46759,22,,,1,20,,46761,22,,,1,58,,46760,22,,,1,17,,46762,22,,,1,19,,46764,22,,,1,63,,46766,22,,,1,20,,46769,22,,,1,20,,46767,22,,,1,60,,46778,22,,,1,16,,46765,22,,,1,17,,46768,22,,,1,57,,46770,22,,,1,23,,46779,22,,,1,24,,46771,22,,,1,73,,46772,22,,,1,23,,46773,22,,,1,65,,46775,22,,,1,35,,46774,22,,,1,65,,46776,22,,,1
1803,'Sunday',407,,46820,22,0,5,1,402,,46787,22,,,1,33,,46790,22,,,1,73,,46799,22,,,1,33,,46792,22,,,1,69,,46795,22,,,1,27,,46818,22,,,1,62,,46810,22,,,1,23,,46791,22,,,1,24,,46811,22,,,1,63,,46821,22,0,5,1,15,,46817,22,,,1,15,,46822,22,0,5,1,63,,46807,22,,,1,34,,46805,22,,,1,73,,46803,22,,,1,33,,46793,22,,,1,73,,46796,22,,,1,33,,46794,22,,,1,73,,46815,22,,,1,73,,46814,22,,,1,33,,46808,22,,,1,73,,46806,22,,,1,33,,46801,22,,,1,75,,46802,22,,,1,34,,46798,22,,,1,69,,46789,22,,,1,31,,46797,22,,,1,74,,46816,22,,,1,31,,46812,22,,,1,72,,46813,22,,,1,33,,46809,22,,,1,71,,46804,22,,,1,73,,46800,22,,,1
1803,'Weekday',404,,46827,22,0,5,1,98,,46931,22,,,1,9,,46826,22,,,1,11,,46876,22,,,1,10,,46869,22,,,1,10,,46866,22,,,1,10,,46868,22,,,1,6,,46929,22,,,1,48,,46867,22,,,1,6,,46875,22,,,1,7,,46930,22,,,1,7,,46879,22,,,1,10,,46878,22,,,1,10,,46888,22,,,1,10,,46885,22,,,1,50,,46886,22,,,1,10,,46883,22,,,1,10,,46871,22,,,1,10,,46880,22,,,1,10,,46882,22,,,1,10,,46877,22,,,1,52,,46873,22,,,1,10,,46872,22,,,1,10,,46926,22,0,5,1,8,,46874,22,,,1,10,,46887,22,,,1,9,,46884,22,,,1,51,,46881,22,,,1,9,,46870,22,,,1,12,,46829,22,,,1,12,,46831,22,,,1,17,,46832,22,,,1,57,,46833,22,,,1,15,,46834,22,,,1,19,,46835,22,,,1,56,,46836,22,,,1,17,,46837,22,,,1,14,,46838,22,,,1,13,,46858,22,0,5,1,12,,46840,22,,,1,54,,46839,22,,,1,17,,46841,22,,,1,17,,46842,22,,,1,57,,46843,22,,,1,20,,46844,22,,,1,17,,46845,22,,,1,17,,46846,22,,,1,57,,46847,22,,,1,14,,46892,22,,,1,12,,46889,22,,,1,12,,46893,22,,,1,52,,46894,22,,,1,12,,46895,22,,,1,12,,46896,22,,,1,12,,46897,22,,,1,13,,46898,22,,,1,52,,46927,22,0,5,1,8,,46899,22,,,1,11,,46900,22,,,1,12,,46901,22,,,1,10,,46902,22,,,1,9,,46928,22,0,5,1,48,,46903,22,,,1,10,,46905,22,,,1,12,,46906,22,,,1,11,,46907,22,,,1,13,,46904,22,,,1,51,,46908,22,,,1,10,,46909,22,,,1,10,,46910,22,,,1,10,,46911,22,,,1,12,,46912,22,,,1,12,,46913,22,,,1,51,,46914,22,,,1,10,,46915,22,,,1,12,,46916,22,,,1,12,,46917,22,,,1,12,,46918,22,,,1,52,,46919,22,,,1,11,,46920,22,,,1,12,,46921,22,,,1,11,,46922,22,,,1,13,,46923,22,,,1,52,,46924,22,,,1,11,,46925,22,,,1,10,,46848,22,,,1,18,,46851,22,,,1,60,,46856,22,,,1,20,,46850,22,,,1,20,,46861,22,,,1,12,,46865,22,,,1,52,,46860,22,,,1,19,,46830,22,,,1,18,,46857,22,,,1,59,,46853,22,,,1,20,,46852,22,,,1,21,,46859,22,,,1,59,,46855,22,,,1,20,,46864,22,,,1,22,,46862,22,,,1,58,,46849,22,,,1,20,,46863,22,,,1,20,,46854,22,,,1
1804,'Saturday',632,,46938,33,,,1,20,,46992,33,,,1,60,,46990,33,,,1,25,,46988,33,,,1,20,,46989,33,,,1,66,,46987,33,,,1,16,,46947,33,,,1,67,,46960,33,,,1,21,,46985,33,,,1,1,,46986,33,,,1,18,,46959,33,,,1,60,,46943,33,,,1,22,,46935,33,,,1,18,,46933,33,,,1,63,,46940,33,,,1,20,,46948,33,,,1,15,,46932,33,,,1,62,,46949,33,,,1,23,,46939,33,,,1,20,,46934,33,,,1,61,,46936,33,,,1,19,,46944,33,,,1,18,,46951,33,,,1,58,,46946,33,,,1,19,,46950,33,,,1,23,,46945,33,,,1,60,,46942,33,,,1,23,,46941,33,,,1,17,,46956,33,,,1,60,,46953,33,,,1,18,,46954,33,,,1,22,,46955,33,,,1,60,,46957,33,,,1,20,,46958,33,,,1,20,,46963,33,,,1,60,,46961,33,,,1,18,,46962,33,,,1,18,,46964,33,,,1,57,,46965,33,,,1,12,,46993,33,,,1,10,,46966,33,,,1,16,,46967,33,,,1,14,,46984,33,,,1,56,,46968,33,,,1,14,,46969,33,,,1,17,,46970,33,,,1,17,,46975,33,,,1,59,,46974,33,,,1,15,,46971,33,,,1,24,,46973,33,,,1,70,,46972,33,,,1,26,,46978,33,,,1,70,,46977,33,,,1,31,,46979,33,,,1,68,,46976,33,,,1,17,,46981,33,,,1,66,,46980,33,,,1,36,,46983,33,,,1,64,,46982,33,,,1
1804,'Sunday',709,,46995,33,,,1,37,,46997,33,,,1,75,,46999,33,,,1,25,,47001,33,,,1,63,,46998,33,,,1,20,,47027,33,0,5,1,19,,47026,33,,,1,58,,47002,33,,,1,18,,47000,33,,,1,28,,47004,33,,,1,67,,47005,33,,,1,25,,47029,33,,,1,65,,47006,33,,,1,29,,47003,33,,,1,73,,47007,33,,,1,33,,47008,33,,,1,73,,47011,33,,,1,33,,47013,33,,,1,73,,47010,33,,,1,33,,47014,33,,,1,73,,47012,33,,,1,73,,47015,33,,,1,33,,47009,33,,,1,73,,47018,33,,,1,21,,47019,33,,,1,21,,47020,33,,,1,64,,47030,33,0,5,1,23,,47016,33,,,1,22,,47028,33,0,5,1,69,,47017,33,,,1,25,,47021,33,,,1,72,,47022,33,,,1,33,,47023,33,,,1,73,,47024,33,,,1,73,,47025,33,,,1,31,,46996,33,,,1,73,,46994,33,,,1
1804,'Weekday',440,,47034,33,,,1,6,,47036,33,,,1,6,,47037,33,,,1,5,,47035,33,,,1,45,,47137,33,,,1,7,,47093,33,,,1,6,,47139,33,,,1,9,,47094,33,,,1,11,,47095,33,,,1,9,,47096,33,,,1,8,,47097,33,,,1,50,,47098,33,,,1,10,,47099,33,,,1,11,,47100,33,,,1,9,,47101,33,,,1,10,,47102,33,,,1,10,,47103,33,,,1,50,,47104,33,,,1,10,,47079,33,,,1,9,,47078,33,,,1,11,,47090,33,,,1,12,,47088,33,,,1,12,,47092,33,,,1,49,,47091,33,,,1,12,,47087,33,,,1,10,,47085,33,,,1,9,,47086,33,,,1,10,,47084,33,,,1,10,,47082,33,,,1,49,,47081,33,,,1,9,,47080,33,,,1,10,,47089,33,,,1,12,,47083,33,,,1,11,,47039,33,,,1,53,,47069,33,0,5,1,11,,47040,33,,,1,14,,47041,33,,,1,15,,47042,33,,,1,15,,47043,33,,,1,56,,47044,33,,,1,16,,47045,33,,,1,18,,47047,33,,,1,58,,47048,33,,,1,18,,47046,33,,,1,17,,47050,33,,,1,16,,47049,33,,,1,54,,47051,33,,,1,19,,47052,33,,,1,17,,47053,33,,,1,57,,47054,33,,,1,20,,47055,33,,,1,12,,47106,33,,,1,13,,47107,33,,,1,12,,47105,33,,,1,52,,47108,33,,,1,11,,47109,33,,,1,10,,47110,33,,,1,12,,47111,33,,,1,12,,47112,33,,,1,52,,47113,33,,,1,12,,47114,33,,,1,13,,47115,33,,,1,12,,47116,33,,,1,12,,47117,33,,,1,52,,47118,33,,,1,12,,47120,33,,,1,11,,47121,33,,,1,12,,47122,33,,,1,12,,47119,33,,,1,48,,47123,33,,,1,7,,47138,33,,,1,10,,47124,33,,,1,10,,47125,33,,,1,13,,47126,33,,,1,12,,47127,33,,,1,49,,47128,33,,,1,11,,47129,33,,,1,13,,47130,33,,,1,12,,47131,33,,,1,12,,47132,33,,,1,52,,47133,33,,,1,14,,47134,33,,,1,12,,47135,33,,,1,10,,47136,33,,,1,14,,47077,33,,,1,53,,47057,33,,,1,13,,47058,33,,,1,16,,47056,33,,,1,15,,47064,33,,,1,54,,47070,33,,,1,20,,47065,33,,,1,17,,47066,33,,,1,14,,47073,33,,,1,54,,47072,33,,,1,15,,47075,33,,,1,20,,47068,33,,,1,14,,47061,33,,,1,52,,47062,33,,,1,14,,47074,33,,,1,16,,47076,33,,,1,11,,47060,33,,,1,53,,47071,33,,,1,19,,47063,33,,,1,20,,47059,33,,,1,60,,47038,33,,,1,20,,47067,33,,,1
