102,'Holiday1',555,,26927,5,,,1,83,,26925,5,,,1,16,,26951,5,,,1,60,,26952,5,,,1,20,,26953,5,,,1,20,,26954,5,,,1,60,,26956,5,,,1,20,,26957,5,,,1,20,,26958,5,,,1,60,,26955,5,,,1,20,,26960,5,,,1,20,,26961,5,,,1,60,,26946,5,,,1,20,,26947,5,,,1,20,,26934,5,,,1,60,,26941,5,,,1,20,,26929,5,,,1,20,,26940,5,,,1,60,,26932,5,,,1,20,,26938,5,,,1,20,,26945,5,,,1,60,,26942,5,,,1,20,,26928,5,,,1,20,,26944,5,,,1,60,,26937,5,,,1,26,,26930,5,,,1,60,,26933,5,,,1,20,,26949,5,,,1,20,,26931,5,,,1,60,,26948,5,,,1,20,,26939,5,,,1,20,,26950,5,,,1,60,,26943,5,,,1,20,,26935,5,,,1,20,,26936,5,,,1,60,,26959,5,,,1,20,,26963,5,,,1,20,,26964,5,,,1,60,,26962,5,,,1,20,,26965,5,,,1,20,,26966,5,,,1,60,,26967,5,,,1,20,,26968,5,,,1,20,,26969,5,,,1,60,,26971,5,,,1,20,,26972,5,,,1,20,,26973,5,,,1,14,,26970,5,,,1,60,,26974,5,,,1,27,,26977,5,,,1,65,,26978,5,,,1,26,,26975,5,,,1,20,,26976,5,,,1,59,,26979,5,,,1,15,,26924,5,,,1,20,,26980,5,,,1,61,,26926,5,,,1
102,'Saturday',611,,26981,5,,,1,20,,27000,5,,,1,20,,27001,5,,,1,60,,27002,5,,,1,20,,27003,5,,,1,20,,27004,5,,,1,60,,27005,5,,,1,20,,27006,5,,,1,24,,27007,5,,,1,60,,27008,5,,,1,20,,27009,5,,,1,20,,27010,5,,,1,58,,27011,5,,,1,20,,27012,5,,,1,20,,27013,5,,,1,60,,27014,5,,,1,21,,27015,5,,,1,20,,27016,5,,,1,60,,27017,5,,,1,20,,27018,5,,,1,22,,27019,5,,,1,58,,27021,5,,,1,20,,27022,5,,,1,20,,27023,5,,,1,59,,27020,5,,,1,19,,27024,5,,,1,21,,27025,5,,,1,61,,27026,5,,,1,19,,26999,5,,,1,20,,26997,5,,,1,60,,26996,5,,,1,20,,26993,5,,,1,22,,26994,5,,,1,60,,26991,5,,,1,20,,26989,5,,,1,20,,26992,5,,,1,60,,26990,5,,,1,19,,26995,5,,,1,21,,26988,5,,,1,56,,26998,5,,,1,30,,27029,5,,,1,76,,27030,5,,,1,28,,27031,5,,,1,69,,27032,5,,,1,30,,27033,5,,,1,70,,27034,5,,,1,32,,27035,5,,,1,70,,27036,5,,,1,22,,27028,5,,,1,69,,26986,5,,,1,29,,26984,5,,,1,69,,27037,5,,,1,30,,26987,5,,,1,82,,26985,5,,,1
102,'Sunday',555,,27041,5,,,1,83,,27039,5,,,1,16,,27065,5,,,1,60,,27066,5,,,1,20,,27067,5,,,1,20,,27068,5,,,1,60,,27070,5,,,1,20,,27071,5,,,1,20,,27072,5,,,1,60,,27069,5,,,1,20,,27074,5,,,1,20,,27075,5,,,1,60,,27060,5,,,1,20,,27061,5,,,1,20,,27048,5,,,1,60,,27055,5,,,1,20,,27043,5,,,1,20,,27054,5,,,1,60,,27046,5,,,1,20,,27052,5,,,1,20,,27059,5,,,1,60,,27056,5,,,1,20,,27042,5,,,1,20,,27058,5,,,1,60,,27051,5,,,1,26,,27044,5,,,1,60,,27047,5,,,1,20,,27063,5,,,1,20,,27045,5,,,1,60,,27062,5,,,1,20,,27053,5,,,1,20,,27064,5,,,1,60,,27057,5,,,1,20,,27049,5,,,1,20,,27050,5,,,1,60,,27073,5,,,1,20,,27077,5,,,1,20,,27078,5,,,1,60,,27076,5,,,1,20,,27079,5,,,1,20,,27080,5,,,1,60,,27081,5,,,1,20,,27082,5,,,1,20,,27083,5,,,1,60,,27085,5,,,1,20,,27086,5,,,1,20,,27087,5,,,1,14,,27084,5,,,1,60,,27088,5,,,1,27,,27091,5,,,1,65,,27092,5,,,1,26,,27089,5,,,1,20,,27090,5,,,1,59,,27093,5,,,1,15,,27038,5,,,1,20,,27094,5,,,1,61,,27040,5,,,1
102,'Weekday',418,,27097,5,,,1,19,,27098,5,,,1,22,,27095,5,,,1,61,,27101,5,,,1,19,,27102,5,,,1,61,,27100,5,,,1,19,,27099,5,,,1,18,,27111,5,,,1,63,,27105,5,,,1,23,,27107,5,,,1,26,,27110,5,0,7,1,65,,27113,5,,,1,23,,27114,5,,,1,21,,27104,5,,,1,70,,27116,5,,,1,24,,27117,5,,,1,65,,27119,5,,,1,88,,27120,5,,,1,25,,27121,5,,,1,82,,27122,5,,,1,28,,27123,5,,,1,74,,27124,5,0,7,1,27,,27118,5,,,1,82,,27125,5,,,1,27,,27126,5,,,1,62,,27144,5,,,1,23,,27141,5,,,1,65,,27142,5,,,1,21,,27145,5,,,1,24,,27146,5,,,1,9,,27147,5,,,1,61,,27148,5,,,1,38,,27149,5,,,1,67,,27150,5,,,1,13,,27151,5,,,1,18,,27152,5,,,1,64,,27153,5,,,1,26,,27154,5,,,1,62,,27155,5,,,1,22,,27156,5,,,1,19,,27157,5,,,1,62,,27165,5,,,1,24,,27164,5,,,1,22,,27163,5,,,1,79,,27166,5,,,1,70,,27167,5,,,1,37,,27168,5,,,1,69,,27169,5,,,1,35,,27170,5,,,1,72,,27171,5,,,1,32,,27172,5,,,1
102,'Holiday11111111',555,,39879,5,,,1,83,,39877,5,,,1,16,,39903,5,,,1,60,,39904,5,,,1,20,,39905,5,,,1,20,,39906,5,,,1,60,,39908,5,,,1,20,,39909,5,,,1,20,,39910,5,,,1,60,,39907,5,,,1,20,,39912,5,,,1,20,,39913,5,,,1,60,,39898,5,,,1,20,,39899,5,,,1,20,,39883,5,,,1,60,,39893,5,,,1,20,,39881,5,,,1,20,,39892,5,,,1,60,,39885,5,,,1,20,,39890,5,,,1,20,,39897,5,,,1,60,,39894,5,,,1,20,,39880,5,,,1,20,,39896,5,,,1,60,,39889,5,,,1,26,,39882,5,,,1,60,,39886,5,,,1,20,,39901,5,,,1,20,,39884,5,,,1,60,,39900,5,,,1,20,,39891,5,,,1,20,,39902,5,,,1,60,,39895,5,,,1,20,,39887,5,,,1,20,,39888,5,,,1,60,,39911,5,,,1,20,,39916,5,,,1,20,,39917,5,,,1,60,,39915,5,,,1,20,,39914,5,,,1,20,,39918,5,,,1,60,,39919,5,,,1,20,,39920,5,,,1,20,,39921,5,,,1,60,,39923,5,,,1,20,,39924,5,,,1,20,,39925,5,,,1,14,,39922,5,,,1,60,,39926,5,,,1,27,,39929,5,,,1,65,,39930,5,,,1,26,,39927,5,,,1,20,,39928,5,,,1,59,,39931,5,,,1,15,,39876,5,,,1,20,,39932,5,,,1,61,,39878,5,,,1
2302,'Holiday1',726,,33054,5,,,1,30,,33028,5,,,1,65,,33031,5,,,1,25,,33032,5,,,1,68,,33033,5,,,1,28,,33030,5,,,1,68,,33034,5,,,1,27,,33035,5,,,1,70,,33029,5,,,1,25,,33037,5,,,1,68,,33039,5,,,1,27,,33036,5,,,1,25,,33040,5,,,1,70,,33038,5,,,1,30,,33042,5,,,1,65,,33043,5,,,1,28,,33045,5,,,1,69,,33041,5,,,1,28,,33046,5,,,1,70,,33059,5,,,1,30,,33048,5,,,1,70,,33049,5,,,1,26,,33050,5,,,1,69,,33047,5,,,1,30,,33051,5,,,1,71,,33052,5,,,1,28,,33053,5,,,1,68,,33044,5,,,1,28,,33057,5,,,1,68,,33058,5,,,1,28,,33055,5,,,1,28,,33056,5,,,1
2302,'Saturday',519,,33060,5,,,1,30,,33062,5,,,1,70,,33082,5,,,1,32,,33081,5,,,1,78,,33085,5,,,1,71,,33084,5,,,1,25,,33088,5,,,1,26,,33089,5,,,1,64,,33086,5,,,1,28,,33087,5,,,1,68,,33090,5,,,1,28,,33093,5,,,1,69,,33094,5,,,1,27,,33091,5,,,1,68,,33092,5,,,1,28,,33083,5,,,1,28,,33072,5,,,1,68,,33075,5,,,1,28,,33076,5,,,1,68,,33077,5,,,1,28,,33074,5,,,1,68,,33073,5,,,1,28,,33079,5,,,1,70,,33080,5,,,1,30,,33078,5,,,1,68,,33064,5,,,1,28,,33065,5,,,1,69,,33061,5,,,1,32,,33071,5,,,1,73,,33063,5,,,1,32,,33067,5,,,1,72,,33069,5,,,1,29,,33066,5,,,1,69,,33068,5,,,1,30,,33070,5,,,1,70,,33098,5,,,1,30,,33097,5,,,1,70,,33096,5,,,1,30,,33095,5,,,1
2302,'Sunday',726,,33125,5,,,1,30,,33099,5,,,1,65,,33102,5,,,1,25,,33103,5,,,1,68,,33104,5,,,1,28,,33101,5,,,1,68,,33105,5,,,1,27,,33106,5,,,1,70,,33100,5,,,1,25,,33108,5,,,1,68,,33110,5,,,1,27,,33107,5,,,1,25,,33111,5,,,1,70,,33109,5,,,1,30,,33113,5,,,1,65,,33114,5,,,1,28,,33115,5,,,1,69,,33112,5,,,1,28,,33116,5,,,1,70,,33130,5,,,1,30,,33119,5,,,1,70,,33120,5,,,1,26,,33121,5,,,1,69,,33117,5,,,1,30,,33122,5,,,1,71,,33123,5,,,1,28,,33124,5,,,1,68,,33118,5,,,1,28,,33128,5,,,1,68,,33129,5,,,1,28,,33126,5,,,1,28,,33127,5,,,1
2302,'Weekday',434,,33131,5,,,1,15,,33141,5,,,1,57,,33142,5,,,1,14,,33140,5,,,1,15,,33144,5,,,1,15,,33146,5,,,1,55,,33147,5,,,1,15,,33148,5,,,1,15,,33145,5,,,1,15,,33149,5,,,1,55,,33143,5,,,1,15,,33150,5,,,1,15,,33151,5,,,1,19,,33152,5,,,1,56,,33153,5,,,1,17,,33137,5,,,1,18,,33134,5,,,1,69,,33136,5,,,1,29,,33154,5,,,1,71,,33155,5,,,1,31,,33156,5,,,1,68,,33157,5,,,1,30,,33158,5,,,1,71,,33159,5,,,1,32,,33160,5,,,1,69,,33161,5,,,1,29,,33139,5,,,1,61,,33185,5,,,1,19,,33182,5,,,1,19,,33184,5,,,1,14,,33181,5,,,1,55,,33183,5,,,1,17,,33180,5,,,1,18,,33162,5,,,1,55,,33163,5,,,1,15,,33164,5,,,1,15,,33165,5,,,1,15,,33166,5,,,1,55,,33167,5,,,1,15,,33168,5,,,1,15,,33169,5,,,1,15,,33170,5,,,1,55,,33171,5,,,1,15,,33132,5,,,1,17,,33138,5,,,1,13,,33135,5,,,1,55,,33133,5,,,1,34,,33172,5,,,1,74,,33173,5,,,1,32,,33174,5,,,1,71,,33175,5,,,1,38,,33176,5,,,1,74,,33177,5,,,1,34,,33178,5,,,1,74,,33179,5,,,1
2302,'Holiday11111111',726,,41066,5,,,1,30,,41040,5,,,1,65,,41043,5,,,1,25,,41044,5,,,1,68,,41045,5,,,1,28,,41042,5,,,1,68,,41046,5,,,1,27,,41047,5,,,1,70,,41041,5,,,1,25,,41049,5,,,1,68,,41051,5,,,1,27,,41048,5,,,1,25,,41052,5,,,1,70,,41050,5,,,1,30,,41054,5,,,1,65,,41055,5,,,1,28,,41056,5,,,1,69,,41053,5,,,1,28,,41057,5,,,1,70,,41071,5,,,1,30,,41061,5,,,1,70,,41062,5,,,1,26,,41059,5,,,1,69,,41058,5,,,1,30,,41063,5,,,1,71,,41064,5,,,1,28,,41065,5,,,1,68,,41060,5,,,1,28,,41069,5,,,1,68,,41070,5,,,1,28,,41067,5,,,1,28,,41068,5,,,1
3503,'Holiday1',759,,35107,5,,,1,85,,35106,5,,,1,85,,35115,5,,,1,85,,35109,5,,,1,45,,35111,5,,,1,85,,35113,5,,,1,85,,35108,5,,,1,85,,35114,5,,,1,45,,35105,5,,,1,85,,35110,5,,,1,85,,35112,5,,,1,85,,35116,5,,,1,45,,35117,5,,,1,85,,35120,5,,,1,85,,35118,5,,,1,85,,35119,5,,,1
3503,'Saturday',814,,35123,5,,,1,45,,35121,5,,,1,85,,35124,5,,,1,85,,35122,5,,,1,85,,35126,5,,,1,45,,35125,5,,,1,85,,35129,5,,,1,85,,35128,5,,,1,85,,35130,5,,,1,45,,35127,5,,,1,85,,35131,5,,,1,85,,35133,5,,,1,85,,35134,5,,,1,45,,35132,5,,,1,85,,35135,5,,,1,85,,35136,5,,,1,85,,35137,5,,,1
3503,'Sunday',759,,35140,5,,,1,85,,35139,5,,,1,85,,35148,5,,,1,85,,35142,5,,,1,45,,35144,5,,,1,85,,35146,5,,,1,85,,35141,5,,,1,85,,35147,5,,,1,45,,35138,5,,,1,85,,35143,5,,,1,85,,35145,5,,,1,85,,35149,5,,,1,45,,35150,5,,,1,85,,35153,5,,,1,85,,35151,5,,,1,85,,35152,5,,,1
3503,'Weekday',529,,35154,5,,,1,75,,35158,5,,,1,35,,35155,5,,,1,75,,35174,5,,,1,35,,35162,5,,,1,75,,35173,5,,,1,35,,35180,5,,,1,75,,35185,5,,,1,75,,35179,5,,,1,35,,35157,5,,,1,80,,35178,5,,,1,30,,35177,5,,,1,75,,35181,5,,,1,76,,35175,5,,,1,35,,35183,5,,,1,75,,35184,5,,,1,35,,35176,5,,,1,75,,35165,5,,,1,75,,35164,5,,,1,35,,35160,5,,,1,75,,35170,5,,,1,35,,35166,5,,,1,75,,35169,5,,,1,35,,35163,5,,,1,75,,35159,5,,,1,75,,35167,5,,,1,35,,35168,5,,,1,74,,35171,5,,,1,35,,35172,5,,,1,75,,35156,5,,,1,35,,35161,5,,,1,75,,35182,5,,,1
3503,'Holiday11111111',759,,41407,5,,,1,85,,41408,5,,,1,85,,41409,5,,,1,85,,41410,5,,,1,45,,41411,5,,,1,85,,41412,5,,,1,85,,41413,5,,,1,85,,41414,5,,,1,45,,41415,5,,,1,85,,41416,5,,,1,85,,41417,5,,,1,85,,41418,5,,,1,45,,41419,5,,,1,85,,41420,5,,,1,85,,41421,5,,,1,85,,41422,5,,,1
4103,'Weekday',521,,35266,2,,,1,95,,35273,2,,,1,95,,35271,2,,,1,95,,35274,2,,,1,95,,35270,2,,,1,55,,35275,2,,,1,480,,35268,2,,,1,95,,35276,2,,,1,95,,35269,2,,,1,95,,35277,2,,,1,100,,35267,2,,,1,95,,35272,2,,,1
5003,'Holiday1',732,,35317,1,,,1,68,,35308,25,,,1,25,,35307,25,,,1,14,,35319,16,0,5,1,16,,35315,25,,,1,59,,35326,16,0,5,1,11,,35288,25,,,1,30,,35311,25,,,1,54,,35329,16,0,5,1,17,,35290,25,,,1,17,,35330,16,0,5,1,59,,35291,25,,,1,24,,35292,25,,,1,14,,35332,16,0,5,1,19,,35289,25,,,1,60,,35328,16,0,5,1,17,,35313,25,,,1,21,,35293,25,,,1,53,,35333,16,0,5,1,18,,35294,25,,,1,23,,35331,16,0,5,1,57,,35287,25,,,1,19,,35310,25,,,1,13,,35334,16,0,5,1,17,,35296,25,,,1,64,,35325,16,0,5,1,11,,35299,25,,,1,26,,35295,25,,,1,52,,35324,16,0,5,1,18,,35314,25,,,1,20,,35320,16,0,5,1,58,,35300,25,,,1,21,,35297,25,,,1,13,,35323,16,0,5,1,17,,35312,25,,,1,63,,35318,16,0,5,1,12,,35302,25,,,1,24,,35303,25,,,1,54,,35322,16,0,5,1,17,,35301,25,,,1,28,,35321,16,0,5,1,60,,35304,25,,,1,25,,35327,16,0,5,1,17,,35298,25,,,1,66,,35337,16,0,5,1,13,,35305,25,,,1,70,,35306,25,,,1,10,,35335,16,0,5,1,28,,35309,25,,,1,15,,35338,16,0,5,1,68,,35316,25,,,1,11,,35336,16,0,5,1
5003,'Saturday',545,,35372,25,,,1,80,,35368,25,,,1,80,,35339,25,,,1,40,,35340,25,,,1,59,,35373,16,0,5,1,20,,35341,25,,,1,24,,35381,16,0,5,1,56,,35342,25,,,1,29,,35386,16,0,5,1,9,,35344,25,,,1,78,,35383,16,0,5,1,13,,35345,25,,,1,25,,35346,25,,,1,47,,35382,16,0,5,1,21,,35343,25,,,1,24,,35385,16,0,5,1,6,,35370,25,,,1,71,,35348,25,,,1,9,,35384,16,0,5,1,21,,35350,25,,,1,65,,35387,16,0,5,1,6,,35347,25,,,1,30,,35351,25,,,1,49,,35388,16,0,5,1,20,,35349,25,,,1,24,,35389,16,0,5,1,6,,35353,25,,,1,70,,35354,25,,,1,9,,35390,16,0,5,1,22,,35371,25,,,1,65,,35376,16,0,5,1,13,,35355,25,,,1,23,,35352,25,,,1,48,,35378,16,0,5,1,20,,35356,25,,,1,24,,35377,16,0,5,1,52,,35357,25,,,1,24,,35359,25,,,1,9,,35380,16,0,5,1,21,,35369,25,,,1,64,,35379,16,0,5,1,14,,35362,25,,,1,22,,35360,25,,,1,51,,35375,16,0,5,1,18,,35358,25,,,1,24,,35374,16,0,5,1,60,,35361,25,,,1,20,,35394,16,0,5,1,22,,35364,25,,,1,66,,35393,16,0,5,1,12,,35363,25,,,1,70,,35365,25,,,1,9,,35392,16,0,5,1,31,,35391,16,0,5,1,9,,35366,25,,,1,69,,35367,25,,,1
5003,'Sunday',732,,35425,1,,,1,68,,35416,25,,,1,25,,35415,25,,,1,14,,35427,16,0,5,1,16,,35423,25,,,1,59,,35434,16,0,5,1,11,,35395,25,,,1,30,,35419,25,,,1,54,,35437,16,0,5,1,17,,35398,25,,,1,17,,35438,16,0,5,1,59,,35399,25,,,1,24,,35400,25,,,1,14,,35440,16,0,5,1,19,,35397,25,,,1,60,,35436,16,0,5,1,17,,35421,25,,,1,21,,35401,25,,,1,53,,35441,16,0,5,1,18,,35402,25,,,1,23,,35439,16,0,5,1,57,,35396,25,,,1,19,,35418,25,,,1,13,,35442,16,0,5,1,17,,35404,25,,,1,64,,35433,16,0,5,1,11,,35407,25,,,1,26,,35403,25,,,1,52,,35432,16,0,5,1,18,,35422,25,,,1,20,,35428,16,0,5,1,58,,35408,25,,,1,21,,35405,25,,,1,13,,35431,16,0,5,1,17,,35420,25,,,1,63,,35426,16,0,5,1,12,,35410,25,,,1,24,,35411,25,,,1,54,,35430,16,0,5,1,17,,35409,25,,,1,28,,35429,16,0,5,1,60,,35412,25,,,1,25,,35435,16,0,5,1,17,,35406,25,,,1,66,,35445,16,0,5,1,13,,35413,25,,,1,70,,35414,25,,,1,10,,35443,16,0,5,1,28,,35417,25,,,1,15,,35446,16,0,5,1,68,,35424,25,,,1,11,,35444,16,0,5,1
5003,'Weekday',555,,35449,25,,,1,4,,35447,16,0,5,1,53,,35486,25,,,1,15,,35487,25,,,1,2,,35471,16,0,5,1,15,,35488,25,,,1,14,,35466,16,0,5,1,1,,35489,25,,,1,55,,35490,25,,,1,14,,35459,16,0,5,1,1,,35491,25,,,1,14,,35492,25,,,1,14,,35493,25,,,1,1,,35478,16,0,5,1,55,,35494,25,,,1,14,,35495,25,,,1,1,,35469,16,0,5,1,15,,35496,25,,,1,14,,35497,25,,,1,1,,35468,16,0,5,1,54,,35498,25,,,1,14,,35499,25,,,1,2,,35467,16,0,5,1,13,,35501,25,,,1,15,,35502,25,,,1,45,,35474,16,0,5,1,10,,35503,25,,,1,15,,35500,25,,,1,11,,35477,16,0,5,1,4,,35504,25,,,1,15,,35505,25,,,1,56,,35506,25,,,1,6,,35482,16,0,5,1,15,,35507,25,,,1,20,,35508,25,,,1,5,,35483,16,0,5,1,56,,35509,25,,,1,20,,35510,25,,,1,4,,35475,16,0,5,1,16,,35511,25,,,1,54,,35481,16,0,5,1,6,,35512,25,,,1,20,,35513,25,,,1,5,,35476,16,0,5,1,15,,35514,25,,,1,56,,35457,16,0,5,1,7,,35515,25,,,1,17,,35516,25,,,1,8,,35480,16,0,5,1,7,,35517,25,,,1,55,,35518,25,,,1,6,,35484,16,0,5,1,8,,35519,25,,,1,15,,35520,25,,,1,6,,35485,16,0,5,1,9,,35521,25,,,1,55,,35522,25,,,1,7,,35464,16,0,5,1,9,,35523,25,,,1,16,,35524,25,,,1,7,,35456,16,0,5,1,8,,35525,25,,,1,55,,35527,25,,,1,7,,35455,16,0,5,1,8,,35526,25,,,1,15,,35528,25,,,1,7,,35472,16,0,5,1,8,,35529,25,,,1,55,,35530,25,,,1,5,,35454,16,0,5,1,8,,35531,25,,,1,14,,35532,25,,,1,7,,35460,16,0,5,1,8,,35533,25,,,1,55,,35534,25,,,1,7,,35473,16,0,5,1,7,,35535,25,,,1,15,,35536,25,,,1,9,,35462,16,0,5,1,6,,35537,25,,,1,13,,35538,25,,,1,50,,35461,16,0,5,1,4,,35539,25,,,1,25,,35479,16,0,5,1,4,,35540,25,,,1,66,,35470,16,0,5,1,4,,35541,25,,,1,26,,35458,16,0,5,1,4,,35542,25,,,1,65,,35453,16,0,5,1,5,,35543,25,,,1,24,,35465,16,0,5,1,6,,35544,25,,,1,64,,35463,16,0,5,1,7,,35545,25,,,1,18,,35450,16,0,5,1,12,,35546,25,,,1,57,,35451,16,0,5,1,13,,35547,25,,,1,34,,35452,25,,,1
5003,'Holiday11111111',732,,41490,1,,,1,68,,41481,25,,,1,25,,41479,25,,,1,14,,41444,16,0,5,1,16,,41488,25,,,1,59,,41450,16,0,5,1,11,,41462,25,,,1,30,,41485,25,,,1,54,,41447,16,0,5,1,17,,41465,25,,,1,17,,41452,16,0,5,1,59,,41463,25,,,1,24,,41461,25,,,1,14,,41454,16,0,5,1,19,,41464,25,,,1,60,,41448,16,0,5,1,17,,41483,25,,,1,21,,41470,25,,,1,53,,41449,16,0,5,1,18,,41472,25,,,1,23,,41453,16,0,5,1,57,,41460,25,,,1,19,,41484,25,,,1,13,,41455,16,0,5,1,17,,41473,25,,,1,64,,41442,16,0,5,1,11,,41466,25,,,1,26,,41471,25,,,1,52,,41446,16,0,5,1,18,,41487,25,,,1,20,,41440,16,0,5,1,58,,41469,25,,,1,21,,41477,25,,,1,13,,41439,16,0,5,1,17,,41486,25,,,1,63,,41441,16,0,5,1,12,,41476,25,,,1,24,,41468,25,,,1,54,,41445,16,0,5,1,17,,41475,25,,,1,28,,41443,16,0,5,1,60,,41467,25,,,1,25,,41451,16,0,5,1,17,,41474,25,,,1,66,,41459,16,0,5,1,13,,41478,25,,,1,70,,41480,25,,,1,10,,41458,16,0,5,1,28,,41482,25,,,1,15,,41457,16,0,5,1,68,,41489,25,,,1,11,,41456,16,0,5,1
