901,'Saturday',734,,44864,38,,,1,90,,44865,38,,,1,90,,44866,38,,,1,90,,44867,38,,,1,50,,44868,38,,,1,90,,44869,38,,,1,90,,44871,38,,,1,90,,44872,38,,,1,90,,44873,38,,,1,91,,44870,38,,,1,51,,44874,38,,,1,90,,44875,38,,,1,90,,44876,38,,,1,89,,44877,38,,,1,89,,44878,38,,,1
901,'Sunday',823,,44879,38,,,1,104,,44886,38,,,1,108,,44887,38,,,1,105,,44888,38,,,1,105,,44889,38,,,1,105,,44885,38,,,1,107,,44881,38,,,1,145,,44882,38,,,1,107,,44883,38,,,1,107,,44880,38,,,1,106,,44884,38,,,1
901,'Weekday',535,,44890,38,,,1,74,,44894,38,,,1,34,,44895,38,,,1,74,,44893,38,,,1,23,,44892,38,,,1,79,,44896,38,,,1,36,,44908,38,,,1,85,,44907,38,,,1,87,,44909,38,,,1,82,,44910,38,,,1,47,,44911,38,,,1,88,,44912,38,,,1,84,,44897,38,,,1,83,,44906,38,,,1,32,,44903,38,,,1,75,,44899,38,,,1,38,,44904,38,,,1,75,,44901,38,,,1,75,,44898,38,,,1,35,,44900,38,,,1,76,,44905,38,,,1,34,,44902,38,,,1,74,,44914,38,,,1,79,,44913,38,,,1,41,,44915,38,,,1,85,,44891,38,,,1
902,'Saturday',737,,44916,24,,,1,90,,44923,24,,,1,91,,44926,24,,,1,90,,44924,24,,,1,50,,44928,24,,,1,90,,44929,24,,,1,90,,44930,24,,,1,90,,44927,24,,,1,90,,44922,24,,,1,90,,44917,24,,,1,50,,44919,24,,,1,90,,44921,24,,,1,89,,44925,24,,,1,90,,44918,24,,,1,90,,44920,24,,,1
902,'Sunday',808,,44931,24,,,1,105,,44933,24,,,1,106,,44934,24,,,1,105,,44935,24,,,1,105,,44936,24,,,1,105,,44938,24,,,1,104,,44939,24,,,1,106,,44940,24,,,1,107,,44937,24,,,1,106,,44941,24,,,1,147,,44932,24,,,1
902,'Weekday',622,,44942,24,,,1,34,,44951,24,,,1,74,,44952,24,,,1,85,,44950,24,,,1,92,,44948,24,,,1,38,,44954,24,,,1,85,,44959,24,,,1,85,,44956,24,,,1,85,,44949,24,,,1,45,,44944,24,,,1,68,,44960,24,,,1,35,,44961,24,,,1,75,,44962,24,,,1,6,,44957,24,,,1,73,,44963,24,,,1,35,,44964,24,,,1,75,,44955,24,,,1,35,,44953,24,,,1,75,,44958,24,,,1,36,,44946,24,,,1,80,,44947,24,,,1,84,,44965,24,,,1,92,,44966,24,,,1,86,,44945,24,,,1,117,,44943,24,,,1
1704,'Saturday',835,,46675,18,,,1,85,,46678,18,,,1,85,,46677,18,,,1,45,,46679,18,,,1,84,,46680,18,,,1,86,,46682,18,,,1,85,,46683,18,,,1,45,,46684,18,,,1,85,,46681,18,,,1,86,,46688,18,,,1,86,,46689,18,,,1,45,,46685,18,,,1,85,,46686,18,,,1,85,,46687,18,,,1,84,,46676,18,,,1
1704,'Sunday',824,,46690,18,,,1,85,,46691,18,,,1,46,,46692,18,,,1,85,,46696,18,,,1,85,,46693,18,,,1,85,,46697,18,,,1,45,,46694,18,,,1,85,,46695,18,,,1,86,,46699,18,,,1,85,,46702,18,,,1,45,,46700,18,,,1,85,,46703,18,,,1,85,,46701,18,,,1,85,,46698,18,,,1,45,,46704,18,,,1,85,,46705,18,,,1
1704,'Weekday',544,,46706,18,,,1,84,,46707,18,,,1,86,,46710,18,,,1,86,,46711,18,,,1,46,,46709,18,,,1,84,,46714,18,,,1,86,,46712,18,,,1,84,,46715,18,,,1,46,,46713,18,,,1,83,,46708,18,,,1,85,,46716,18,,,1,42,,46717,18,,,1,89,,46718,18,,,1,11,,46725,18,,,1,79,,46719,18,,,1,82,,46720,18,,,1,85,,46721,18,,,1,47,,46722,18,,,1,84,,46723,18,,,1,82,,46724,18,,,1
1904,'Saturday',823,,47184,39,,,1,103,,47186,39,,,1,100,,47188,39,,,1,99,,47185,39,,,1,100,,47189,39,,,1,100,,47187,39,,,1,100,,47190,39,,,1,101,,47191,39,,,1,100,,47193,39,,,1,100,,47194,39,,,1,99,,47195,39,,,1,98,,47192,39,,,1
1904,'Sunday',854,,47196,39,,,1,100,,47197,39,,,1,103,,47198,39,,,1,100,,47199,39,,,1,100,,47200,39,,,1,99,,47201,39,,,1,101,,47203,39,,,1,100,,47205,39,,,1,100,,47206,39,,,1,97,,47202,39,,,1,101,,47207,39,,,1,101,,47204,39,,,1
1904,'Weekday',548,,47210,39,,,1,99,,47209,39,,,1,79,,47212,39,,,1,77,,47208,39,,,1,43,,47211,39,,,1,79,,47213,39,,,1,100,,47214,39,,,1,99,,47216,39,,,1,100,,47215,39,,,1,100,,47217,39,,,1,100,,47218,39,,,1,106,,47219,39,,,1,82,,47220,39,,,1,35,,47221,39,,,1,80,,47223,39,,,1,80,,47224,39,,,1,38,,47222,39,,,1,80,,47225,39,,,1,80,,47226,39,,,1
