101,'Saturday',555,,42291,19,,,1,61,,42290,19,,,1,18,,42293,19,,,1,18,,42289,45,,,1,61,,42300,45,,,1,20,,42299,45,,,1,20,,42301,45,,,1,63,,42302,45,,,1,21,,42303,45,,,1,20,,42304,45,,,1,60,,42305,45,,,1,20,,42306,45,,,1,20,,42307,45,,,1,60,,42308,45,,,1,19,,42309,45,,,1,22,,42310,45,,,1,60,,42311,45,,,1,20,,42312,45,,,1,20,,42313,45,,,1,60,,42314,45,,,1,19,,42315,45,,,1,20,,42316,45,,,1,59,,42317,45,,,1,25,,42318,45,,,1,60,,42320,45,,,1,22,,42321,45,,,1,21,,42322,45,,,1,63,,42319,45,,,1,20,,42323,45,,,1,20,,42324,45,,,1,60,,42325,45,,,1,20,,42326,45,,,1,20,,42327,45,,,1,61,,42328,45,,,1,19,,42329,45,,,1,19,,42330,45,,,1,62,,42331,45,,,1,19,,42332,45,,,1,18,,42333,45,,,1,60,,42334,45,,,1,19,,42298,45,,,1,17,,42297,45,,,1,68,,42337,45,,,1,30,,42338,45,,,1,71,,42339,45,,,1,29,,42341,45,,,1,73,,42342,45,,,1,30,,42343,45,,,1,65,,42340,45,,,1,29,,42344,45,,,1,69,,42335,45,,,1,29,,42336,45,,,1,72,,42294,45,,,1,42,,42296,45,,,1
101,'Sunday',602,,42348,45,,,1,130,,42345,45,,,1,20,,42357,45,,,1,61,,42358,45,,,1,20,,42359,45,,,1,20,,42360,45,,,1,60,,42362,45,,,1,20,,42363,45,,,1,20,,42364,45,,,1,60,,42361,45,,,1,20,,42366,45,,,1,20,,42367,45,,,1,60,,42365,45,,,1,21,,42370,45,,,1,20,,42371,45,,,1,60,,42369,45,,,1,20,,42368,45,,,1,20,,42372,45,,,1,60,,42373,45,,,1,21,,42374,45,,,1,20,,42375,45,,,1,61,,42377,45,,,1,20,,42378,45,,,1,20,,42379,45,,,1,60,,42376,45,,,1,20,,42380,45,,,1,20,,42384,45,,,1,60,,42385,45,,,1,20,,42381,45,,,1,21,,42382,45,,,1,60,,42386,45,,,1,20,,42383,45,,,1,20,,42387,45,,,1,59,,42388,45,,,1,18,,42389,45,,,1,20,,42390,45,,,1,60,,42391,45,,,1,20,,42393,45,,,1,20,,42394,45,,,1,59,,42395,45,,,1,20,,42392,45,,,1,19,,42396,45,,,1,60,,42397,45,,,1,25,,42398,45,,,1,20,,42399,45,,,1,60,,42400,45,,,1,20,,42355,45,,,1,19,,42352,45,,,1,60,,42353,45,,,1,19,,42349,45,,,1,15,,42354,45,,,1,60,,42356,45,,,1,23,,42351,45,,,1
101,'Weekday',404,,42410,19,,,1,22,,42408,19,,,1,20,,42405,19,,,1,58,,42404,19,,,1,30,,42403,45,,,1,19,,42407,45,,,1,65,,42406,45,,,1,10,,42402,40,0,5,1,13,,42418,45,,,1,9,,42421,40,0,5,1,53,,42419,45,,,1,15,,42422,40,0,5,1,11,,42420,45,,,1,15,,42423,40,0,5,1,12,,42413,45,,,1,58,,42416,45,,,1,15,,42424,40,0,5,1,12,,42412,45,,,1,13,,42425,40,0,5,1,53,,42417,45,,,1,13,,42426,40,0,5,1,12,,42414,45,,,1,14,,42415,40,0,5,1,56,,42438,40,0,5,1,16,,42427,45,,,1,10,,42439,40,0,5,1,19,,42428,45,,,1,62,,42441,40,0,5,1,19,,42429,45,,,1,13,,42442,40,0,5,1,14,,42430,45,,,1,52,,42440,40,0,5,1,13,,42431,45,,,1,21,,42444,40,0,5,1,9,,42432,45,,,1,67,,42445,40,0,5,1,20,,42433,49,0,7,1,13,,42443,40,0,5,1,8,,42434,45,,,1,68,,42447,40,0,5,1,14,,42435,45,,,1,12,,42448,44,0,5 7,1,54,,42436,45,,,1,16,,42449,40,0,5,1,15,,42437,49,0,7,1,19,,42446,45,,,1,55,,42465,40,0,5,1,11,,42450,45,,,1,15,,42466,40,0,5,1,19,,42467,40,0,5,1,49,,42451,45,,,1,16,,42468,40,0,5,1,17,,42452,45,,,1,12,,42469,40,0,5,1,52,,42453,45,,,1,14,,42470,40,0,5,1,11,,42454,45,,,1,19,,42455,45,,,1,10,,42471,40,0,5,1,51,,42456,45,,,1,9,,42472,40,0,5,1,12,,42457,45,,,1,8,,42473,40,0,5,1,9,,42458,45,,,1,58,,42459,45,,,1,24,,42460,45,,,1,21,,42461,45,,,1,65,,42462,45,,,1,20,,42463,45,,,1,22,,42464,45,,,1,63,,42474,45,,,1,37,,42476,45,,,1,67,,42475,45,,,1,82,,42479,45,,,1,33,,42480,45,,,1,73,,42477,45,,,1,32,,42478,45,,,1
1003,'Weekday',607,,44975,22,,,1,32,,44970,22,,,1,62,,44980,22,,,1,32,,44972,22,,,1,23,,44967,22,,,1,56,,44973,22,,,1,31,,44969,22,,,1,66,,44978,22,,,1,24,,44971,22,,,1,24,,44968,22,,,1,62,,44974,22,,,1,86,,44983,22,,,1,96,,44977,22,,,1,55,,44982,22,,,1,94,,44976,22,,,1,87,,44981,22,,,1,70,,44979,22,,,1,28,,44985,22,,,1,18,,44984,22,,,1,64,,44986,22,,,1,27,,44987,22,,,1,70,,44988,22,,,1,29,,44989,22,,,1,57,,44990,22,,,1,29,,44991,22,,,1,22,,44992,22,,,1,67,,44993,22,,,1,23,,44994,22,,,1
1303,'Saturday',831,,45572,19,,,1,100,,45573,19,,,1,101,,45574,19,,,1,100,,45575,19,,,1,101,,45578,19,,,1,100,,45579,19,,,1,100,,45580,19,,,1,100,,45577,19,,,1,100,,45581,19,,,1,99,,45582,19,,,1,100,,45576,19,,,1,100,,45571,19,,,1
1303,'Weekday',501,,45585,19,,,1,42,,45586,19,,,1,82,,45587,19,,,1,88,,45583,19,,,1,88,,45584,19,,,1,47,,45588,19,,,1,84,,45589,19,,,1,83,,45590,19,,,1,43,,45591,19,,,1,87,,45592,19,,,1,85,,45593,19,,,1,82,,45594,19,,,1,44,,45595,19,,,1,85,,45598,19,,,1,92,,45599,19,,,1,85,,45597,19,,,1,89,,45596,19,,,1,43,,45600,19,,,1,86,,45601,19,,,1,78,,45602,19,,,1
1803,'Saturday',402,,46777,19,0,5,1,232,,46754,19,,,1,20,,46733,19,,,1,60,,46780,19,,,1,20,,46730,19,,,1,21,,46781,19,,,1,63,,46757,19,,,1,22,,46756,19,,,1,63,,46739,19,,,1,20,,46732,19,,,1,20,,46734,19,,,1,60,,46743,19,,,1,20,,46726,19,,,1,18,,46752,19,,,1,59,,46737,19,,,1,24,,46728,19,,,1,23,,46729,19,,,1,62,,46735,19,,,1,2,,46785,19,0,5,1,17,,46744,19,,,1,12,,46784,19,0,5,1,8,,46727,19,,,1,59,,46746,19,,,1,21,,46738,19,,,1,20,,46731,19,,,1,62,,46741,19,,,1,20,,46740,19,,,1,18,,46753,19,,,1,57,,46736,19,,,1,23,,46751,19,,,1,20,,46748,19,,,1,60,,46755,19,,,1,25,,46747,19,,,1,15,,46745,19,,,1,62,,46750,19,,,1,20,,46749,19,,,1,19,,46763,19,,,1,60,,46758,19,,,1,21,,46759,19,,,1,20,,46761,19,,,1,59,,46760,19,,,1,17,,46762,19,,,1,19,,46764,19,,,1,63,,46766,19,,,1,20,,46769,19,,,1,20,,46767,19,,,1,60,,46778,19,,,1,16,,46765,19,,,1,17,,46768,19,,,1,17,,46770,19,,,1,63,,46779,19,,,1,24,,46771,19,,,1,73,,46772,19,,,1,23,,46773,19,,,1,65,,46775,19,,,1,35,,46774,19,,,1,65,,46776,19,,,1
1803,'Sunday',405,,46820,19,0,5,1,402,,46787,19,,,1,33,,46790,19,,,1,73,,46799,19,,,1,33,,46792,19,,,1,69,,46795,19,,,1,27,,46818,19,,,1,62,,46810,19,,,1,22,,46791,19,,,1,24,,46811,19,,,1,63,,46821,19,0,5,1,15,,46817,19,,,1,15,,46822,19,0,5,1,63,,46807,19,,,1,34,,46805,19,,,1,73,,46803,19,,,1,33,,46793,19,,,1,73,,46796,19,,,1,33,,46794,19,,,1,73,,46815,19,,,1,33,,46814,19,,,1,73,,46808,19,,,1,73,,46806,19,,,1,33,,46801,19,,,1,75,,46802,19,,,1,34,,46798,19,,,1,70,,46789,19,,,1,31,,46797,19,,,1,74,,46816,19,,,1,31,,46812,19,,,1,72,,46813,19,,,1,33,,46809,19,,,1,71,,46804,19,,,1,73,,46800,19,,,1
1803,'Weekday',402,,46827,19,0,5,1,98,,46931,19,,,1,9,,46826,19,,,1,11,,46876,19,,,1,10,,46869,19,,,1,10,,46866,19,,,1,10,,46868,19,,,1,6,,46929,19,,,1,47,,46867,19,,,1,6,,46875,19,,,1,7,,46930,19,,,1,7,,46879,19,,,1,10,,46878,19,,,1,10,,46888,19,,,1,10,,46885,19,,,1,51,,46886,19,,,1,10,,46883,19,,,1,10,,46871,19,,,1,10,,46880,19,,,1,10,,46882,19,,,1,10,,46877,19,,,1,52,,46873,19,,,1,10,,46872,19,,,1,10,,46926,19,0,5,1,8,,46874,19,,,1,10,,46887,19,,,1,9,,46884,19,,,1,50,,46881,19,,,1,9,,46870,19,,,1,12,,46829,19,,,1,12,,46831,19,,,1,17,,46832,19,,,1,57,,46833,19,,,1,15,,46834,19,,,1,19,,46835,19,,,1,56,,46836,19,,,1,17,,46837,19,,,1,14,,46838,19,,,1,13,,46858,19,0,5,1,12,,46840,19,,,1,54,,46839,19,,,1,17,,46841,19,,,1,17,,46842,19,,,1,58,,46843,19,,,1,19,,46844,19,,,1,17,,46845,19,,,1,17,,46846,19,,,1,57,,46847,19,,,1,14,,46892,19,,,1,12,,46889,19,,,1,12,,46893,19,,,1,52,,46894,19,,,1,12,,46895,19,,,1,12,,46896,19,,,1,12,,46897,19,,,1,13,,46898,19,,,1,52,,46927,19,0,5,1,7,,46899,19,,,1,11,,46900,19,,,1,12,,46901,19,,,1,10,,46902,19,,,1,9,,46928,19,0,5,1,48,,46903,19,,,1,10,,46905,19,,,1,12,,46906,19,,,1,11,,46907,19,,,1,13,,46904,19,,,1,11,,46908,19,,,1,51,,46909,19,,,1,10,,46910,19,,,1,10,,46911,19,,,1,12,,46912,19,,,1,12,,46913,19,,,1,51,,46914,19,,,1,11,,46915,19,,,1,12,,46916,19,,,1,12,,46917,19,,,1,12,,46918,19,,,1,51,,46919,19,,,1,11,,46920,19,,,1,12,,46921,19,,,1,11,,46922,19,,,1,13,,46923,19,,,1,52,,46924,19,,,1,11,,46925,19,,,1,10,,46848,19,,,1,18,,46851,19,,,1,20,,46856,19,,,1,60,,46850,19,,,1,20,,46861,19,,,1,12,,46865,19,,,1,52,,46860,19,,,1,19,,46830,19,,,1,18,,46857,19,,,1,19,,46853,19,,,1,60,,46852,19,,,1,21,,46859,19,,,1,19,,46855,19,,,1,60,,46864,19,,,1,22,,46862,19,,,1,18,,46849,19,,,1,60,,46863,19,,,1,20,,46854,19,,,1
1804,'Saturday',630,,46938,30,,,1,20,,46992,30,,,1,60,,46990,30,,,1,25,,46988,30,,,1,20,,46989,30,,,1,66,,46987,30,,,1,16,,46947,30,,,1,67,,46960,30,,,1,21,,46985,30,,,1,1,,46986,30,,,1,18,,46959,30,,,1,60,,46943,30,,,1,22,,46935,30,,,1,18,,46933,30,,,1,63,,46940,30,,,1,20,,46948,30,,,1,15,,46932,30,,,1,62,,46949,30,,,1,23,,46939,30,,,1,20,,46934,30,,,1,60,,46936,30,,,1,19,,46944,30,,,1,18,,46951,30,,,1,58,,46946,30,,,1,19,,46950,30,,,1,23,,46945,30,,,1,60,,46942,30,,,1,23,,46941,30,,,1,17,,46956,30,,,1,60,,46953,30,,,1,18,,46954,30,,,1,22,,46955,30,,,1,60,,46957,30,,,1,20,,46958,30,,,1,20,,46963,30,,,1,60,,46961,30,,,1,18,,46962,30,,,1,18,,46964,30,,,1,17,,46965,30,,,1,53,,46993,30,,,1,10,,46966,30,,,1,16,,46967,30,,,1,14,,46984,30,,,1,56,,46968,30,,,1,14,,46969,30,,,1,17,,46970,30,,,1,17,,46975,30,,,1,59,,46974,30,,,1,15,,46971,30,,,1,24,,46973,30,,,1,70,,46972,30,,,1,26,,46978,30,,,1,70,,46977,30,,,1,31,,46979,30,,,1,68,,46976,30,,,1,17,,46981,30,,,1,66,,46980,30,,,1,36,,46983,30,,,1,64,,46982,30,,,1
1804,'Sunday',707,,46995,30,,,1,37,,46997,30,,,1,75,,46999,30,,,1,25,,47001,30,,,1,63,,46998,30,,,1,20,,47027,30,0,5,1,19,,47026,30,,,1,58,,47002,30,,,1,18,,47000,30,,,1,28,,47004,30,,,1,67,,47005,30,,,1,25,,47029,30,,,1,64,,47006,30,,,1,29,,47003,30,,,1,73,,47007,30,,,1,33,,47008,30,,,1,73,,47011,30,,,1,33,,47013,30,,,1,73,,47010,30,,,1,33,,47014,30,,,1,73,,47012,30,,,1,33,,47015,30,,,1,73,,47009,30,,,1,73,,47018,30,,,1,21,,47019,30,,,1,21,,47020,30,,,1,65,,47030,30,0,5,1,23,,47016,30,,,1,22,,47028,30,0,5,1,69,,47017,30,,,1,25,,47021,30,,,1,72,,47022,30,,,1,33,,47023,30,,,1,73,,47024,30,,,1,73,,47025,30,,,1,31,,46996,30,,,1,73,,46994,30,,,1
1804,'Weekday',437,,47034,30,,,1,6,,47036,30,,,1,6,,47037,30,,,1,5,,47035,30,,,1,5,,47137,30,,,1,47,,47093,30,,,1,6,,47139,30,,,1,9,,47094,30,,,1,11,,47095,30,,,1,9,,47096,30,,,1,8,,47097,30,,,1,10,,47098,30,,,1,51,,47099,30,,,1,11,,47100,30,,,1,9,,47101,30,,,1,10,,47102,30,,,1,10,,47103,30,,,1,9,,47104,30,,,1,50,,47079,30,,,1,9,,47078,30,,,1,11,,47090,30,,,1,12,,47088,30,,,1,12,,47092,30,,,1,49,,47091,30,,,1,11,,47087,30,,,1,10,,47085,30,,,1,9,,47086,30,,,1,10,,47084,30,,,1,10,,47082,30,,,1,50,,47081,30,,,1,9,,47080,30,,,1,10,,47089,30,,,1,12,,47083,30,,,1,11,,47039,30,,,1,13,,47069,30,0,5,1,51,,47040,30,,,1,14,,47041,30,,,1,15,,47042,30,,,1,15,,47043,30,,,1,57,,47044,30,,,1,16,,47045,30,,,1,18,,47047,30,,,1,58,,47048,30,,,1,17,,47046,30,,,1,17,,47050,30,,,1,16,,47049,30,,,1,54,,47051,30,,,1,19,,47052,30,,,1,17,,47053,30,,,1,17,,47054,30,,,1,60,,47055,30,,,1,12,,47106,30,,,1,13,,47107,30,,,1,12,,47105,30,,,1,52,,47108,30,,,1,11,,47109,30,,,1,10,,47110,30,,,1,12,,47111,30,,,1,12,,47112,30,,,1,52,,47113,30,,,1,12,,47114,30,,,1,13,,47115,30,,,1,12,,47116,30,,,1,12,,47117,30,,,1,52,,47118,30,,,1,12,,47120,30,,,1,11,,47121,30,,,1,12,,47122,30,,,1,12,,47119,30,,,1,48,,47123,30,,,1,7,,47138,30,,,1,10,,47124,30,,,1,10,,47125,30,,,1,13,,47126,30,,,1,12,,47127,30,,,1,49,,47128,30,,,1,12,,47129,30,,,1,13,,47130,30,,,1,12,,47131,30,,,1,12,,47132,30,,,1,52,,47133,30,,,1,13,,47134,30,,,1,12,,47135,30,,,1,10,,47136,30,,,1,14,,47077,30,,,1,53,,47057,30,,,1,13,,47058,30,,,1,16,,47056,30,,,1,15,,47064,30,,,1,54,,47070,30,,,1,20,,47065,30,,,1,17,,47066,30,,,1,14,,47073,30,,,1,54,,47072,30,,,1,15,,47075,30,,,1,20,,47068,30,,,1,14,,47061,30,,,1,52,,47062,30,,,1,14,,47074,30,,,1,16,,47076,30,,,1,11,,47060,30,,,1,53,,47071,30,,,1,19,,47063,30,,,1,20,,47059,30,,,1,60,,47038,30,,,1,20,,47067,30,,,1
